0.100000 0.508490 0.059425 0.567915
0.200000 0.507816 0.066269 0.574084
0.300000 0.507038 0.073797 0.580835
0.400000 0.506219 0.078782 0.585001
0.500000 0.505330 0.079166 0.584496
0.600000 0.504514 0.074983 0.579497
0.700000 0.503740 0.068312 0.572052
0.800000 0.503165 0.062277 0.565441
0.900000 0.502612 0.059603 0.562214
1.000000 0.502137 0.061370 0.563507
1.100000 0.501748 0.066550 0.568298
1.200000 0.501431 0.072512 0.573943
1.300000 0.501157 0.076275 0.577432
1.400000 0.501020 0.075928 0.576949
1.500000 0.500950 0.071558 0.572508
1.600000 0.500921 0.065239 0.566160
1.700000 0.500953 0.060069 0.561022
1.800000 0.501032 0.058681 0.559712
1.900000 0.501157 0.061956 0.563113
2.000000 0.501311 0.068552 0.569863
2.100000 0.501559 0.075524 0.577083
2.200000 0.501873 0.079695 0.581569
2.300000 0.502327 0.079132 0.581459
2.400000 0.502864 0.074015 0.576879
2.500000 0.503477 0.066514 0.569991
2.600000 0.504077 0.059782 0.563860
2.700000 0.504583 0.056503 0.561086
2.800000 0.504996 0.057699 0.562695
2.900000 0.505258 0.062313 0.567571
3.000000 0.505402 0.067740 0.573142
3.100000 0.505392 0.071075 0.576467
3.200000 0.505271 0.070506 0.575778
3.300000 0.505013 0.066203 0.571216
3.400000 0.504800 0.060258 0.565057
3.500000 0.504492 0.055702 0.560194
3.600000 0.504221 0.055027 0.559248
3.700000 0.503988 0.058952 0.562940
3.800000 0.503819 0.066021 0.569840
3.900000 0.503675 0.073250 0.576926
4.000000 0.503528 0.077510 0.581037
4.100000 0.503452 0.076961 0.580413
4.200000 0.503404 0.071879 0.575283
4.300000 0.503341 0.064494 0.567835
4.400000 0.503307 0.057942 0.561249
4.500000 0.503230 0.054841 0.558071
4.600000 0.503113 0.056136 0.559249
4.700000 0.502943 0.060731 0.563673
4.800000 0.502632 0.066050 0.568682
4.900000 0.502198 0.069288 0.571487
5.000000 0.501638 0.068762 0.570400
5.100000 0.500985 0.064742 0.565727
5.200000 0.500343 0.059355 0.559698
5.300000 0.499706 0.055561 0.555267
5.400000 0.499095 0.055705 0.554799
5.500000 0.498633 0.060331 0.558964
5.600000 0.498272 0.067845 0.566117
5.700000 0.498078 0.075211 0.573289
5.800000 0.498031 0.079342 0.577373
5.900000 0.498083 0.078511 0.576594
6.000000 0.498239 0.073119 0.571358
6.100000 0.498467 0.065477 0.563944
6.200000 0.498626 0.058738 0.557364
6.300000 0.498724 0.055476 0.554200
6.400000 0.498695 0.056568 0.555263
6.500000 0.498583 0.060870 0.559453
6.600000 0.498372 0.065818 0.564190
6.700000 0.498154 0.068679 0.566833
6.800000 0.497965 0.067879 0.565844
6.900000 0.497806 0.063774 0.561581
7.000000 0.497707 0.058496 0.556203
7.100000 0.497714 0.054926 0.552641
7.200000 0.497829 0.055272 0.553101
7.300000 0.498073 0.059938 0.558011
7.400000 0.498414 0.067261 0.565675
7.500000 0.498817 0.074235 0.573052
7.600000 0.499283 0.077883 0.577167
7.700000 0.499797 0.076613 0.576411
7.800000 0.500233 0.070925 0.571158
7.900000 0.500632 0.063154 0.563785
8.000000 0.500977 0.056401 0.557377
8.100000 0.501186 0.053141 0.554327
8.200000 0.501235 0.054162 0.555398
8.300000 0.501217 0.058278 0.559495
8.400000 0.500999 0.062962 0.563960
8.500000 0.500743 0.065577 0.566320
8.600000 0.500481 0.064661 0.565142
8.700000 0.500108 0.060652 0.560759
8.800000 0.499732 0.055691 0.555423
8.900000 0.499437 0.052594 0.552031
9.000000 0.499227 0.053450 0.552677
9.100000 0.499049 0.058544 0.557594
9.200000 0.498953 0.066130 0.565083
9.300000 0.498941 0.073188 0.572129
9.400000 0.498909 0.076796 0.575705
9.500000 0.498972 0.075456 0.574428
9.600000 0.499039 0.069759 0.568798
9.700000 0.499045 0.062082 0.561127
9.800000 0.499002 0.055500 0.554502
9.900000 0.498950 0.052410 0.551360
10.000000 0.498856 0.053506 0.552362
10.100000 0.498770 0.057541 0.556311
10.200000 0.498654 0.061991 0.560645
10.300000 0.498595 0.064291 0.562886
10.400000 0.498480 0.063096 0.561576
10.500000 0.498427 0.058951 0.557378
10.600000 0.498331 0.054056 0.552387
10.700000 0.498275 0.051207 0.549482
10.800000 0.498237 0.052401 0.550638
10.900000 0.498217 0.057801 0.556018
11.000000 0.498211 0.065562 0.563773
11.100000 0.498155 0.072630 0.570785
11.200000 0.498075 0.076121 0.574196
11.300000 0.497934 0.074624 0.572558
11.400000 0.497754 0.068809 0.566563
11.500000 0.497591 0.061094 0.558685
11.600000 0.497319 0.054536 0.551855
11.700000 0.496958 0.051476 0.548434
11.800000 0.496623 0.052539 0.549161
11.900000 0.496194 0.056453 0.552647
12.000000 0.495756 0.060734 0.556490
12.100000 0.495359 0.062919 0.558277
12.200000 0.494982 0.061773 0.556755
12.300000 0.494646 0.057913 0.552560
12.400000 0.494377 0.053529 0.547906
12.500000 0.494182 0.051307 0.545490
12.600000 0.494111 0.053079 0.547190
12.700000 0.494154 0.058843 0.552997
12.800000 0.494317 0.066671 0.560988
12.900000 0.494470 0.073532 0.568002
13.000000 0.494723 0.076642 0.571366
13.100000 0.494999 0.074709 0.569709
13.200000 0.495271 0.068489 0.563760
13.300000 0.495614 0.060431 0.556045
13.400000 0.495917 0.053562 0.549478
13.500000 0.496243 0.050151 0.546394
13.600000 0.496588 0.050766 0.547353
13.700000 0.496841 0.054129 0.550970
13.800000 0.497044 0.057810 0.554854
13.900000 0.497248 0.059452 0.556699
14.000000 0.497398 0.057935 0.555333
14.100000 0.497576 0.053952 0.551528
14.200000 0.497716 0.049689 0.547405
14.300000 0.497835 0.047752 0.545588
14.400000 0.497940 0.049841 0.547781
14.500000 0.498004 0.055837 0.553842
14.600000 0.498016 0.063745 0.561761
14.700000 0.497980 0.070541 0.568522
14.800000 0.497891 0.073529 0.571420
14.900000 0.497862 0.071532 0.569395
15.000000 0.497733 0.065406 0.563139
15.100000 0.497579 0.057613 0.555192
15.200000 0.497404 0.051116 0.548520
15.300000 0.497171 0.048079 0.545250
15.400000 0.496930 0.048979 0.545909
15.500000 0.496684 0.052492 0.549176
15.600000 0.496443 0.056218 0.552661
15.700000 0.496172 0.057882 0.554054
15.800000 0.495963 0.056465 0.552428
15.900000 0.495756 0.052719 0.548475
16.000000 0.495642 0.048832 0.544474
16.100000 0.495522 0.047329 0.542851
16.200000 0.495432 0.049800 0.545232
16.300000 0.495302 0.056021 0.551323
16.400000 0.495192 0.063951 0.559143
16.500000 0.495051 0.070603 0.565654
16.600000 0.494945 0.073367 0.568313
16.700000 0.494799 0.071186 0.565985
16.800000 0.494592 0.065001 0.559593
16.900000 0.494377 0.057302 0.551679
17.000000 0.494125 0.051012 0.545137
17.100000 0.493817 0.048211 0.542028
17.200000 0.493548 0.049281 0.542829
17.300000 0.493184 0.052849 0.546033
17.400000 0.492825 0.056521 0.549346
17.500000 0.492506 0.058075 0.550581
17.600000 0.492253 0.056567 0.548820
17.700000 0.492148 0.052823 0.544971
17.800000 0.492060 0.049040 0.541100
17.900000 0.492080 0.047711 0.539791
18.000000 0.492086 0.050347 0.542433
18.100000 0.492103 0.056647 0.548750
18.200000 0.492114 0.064522 0.556636
18.300000 0.492028 0.070992 0.563020
18.400000 0.491984 0.073508 0.565492
18.500000 0.491882 0.071101 0.562983
18.600000 0.491735 0.064783 0.556519
18.700000 0.491647 0.057077 0.548723
18.800000 0.491500 0.050878 0.542379
18.900000 0.491340 0.048197 0.539537
19.000000 0.491218 0.049334 0.540552
19.100000 0.491066 0.052861 0.543927
19.200000 0.490879 0.056376 0.547255
19.300000 0.490725 0.057713 0.548438
19.400000 0.490575 0.056020 0.546595
19.500000 0.490534 0.052193 0.542727
19.600000 0.490507 0.048465 0.538972
19.700000 0.490541 0.047291 0.537832
19.800000 0.490647 0.050087 0.540735
19.900000 0.490875 0.056439 0.547314
20.000000 0.491127 0.064177 0.555305
