0.100000 0.508458 0.058995 0.567453
0.200000 0.507687 0.066533 0.574220
0.300000 0.506752 0.078118 0.584870
0.400000 0.505736 0.092724 0.598460
0.500000 0.504656 0.109047 0.613703
0.600000 0.503628 0.125615 0.629242
0.700000 0.502698 0.140948 0.643646
0.800000 0.501995 0.153688 0.655683
0.900000 0.501471 0.162719 0.664190
1.000000 0.501121 0.167264 0.668384
1.100000 0.500886 0.166940 0.667825
1.200000 0.500757 0.161794 0.662551
1.300000 0.500767 0.152301 0.653068
1.400000 0.500937 0.139316 0.640253
1.500000 0.501161 0.124006 0.625167
1.600000 0.501343 0.107738 0.609081
1.700000 0.501540 0.091963 0.593503
1.800000 0.501685 0.078083 0.579768
1.900000 0.501767 0.067322 0.569089
2.000000 0.501816 0.060601 0.562416
2.100000 0.501972 0.058476 0.560448
2.200000 0.502153 0.061100 0.563252
2.300000 0.502404 0.068206 0.570610
2.400000 0.502667 0.079132 0.581799
2.500000 0.503051 0.092874 0.595925
2.600000 0.503417 0.108184 0.611601
2.700000 0.503820 0.123676 0.627496
2.800000 0.504179 0.137954 0.642133
2.900000 0.504485 0.149735 0.654220
3.000000 0.504729 0.157953 0.662682
3.100000 0.504889 0.161857 0.666745
3.200000 0.504956 0.161079 0.666034
3.300000 0.504998 0.155670 0.660668
3.400000 0.505049 0.146098 0.651147
3.500000 0.505077 0.133200 0.638277
3.600000 0.505057 0.118121 0.623179
3.700000 0.505012 0.102200 0.607213
3.800000 0.504949 0.086853 0.591801
3.900000 0.504816 0.073436 0.578252
4.000000 0.504673 0.063134 0.567807
4.100000 0.504487 0.056850 0.561337
4.200000 0.504294 0.055122 0.559415
4.300000 0.504108 0.058085 0.562194
4.400000 0.503907 0.065462 0.569369
4.500000 0.503700 0.076581 0.580281
4.600000 0.503483 0.090451 0.593934
4.700000 0.503256 0.105837 0.609093
4.800000 0.502863 0.121381 0.624244
4.900000 0.502404 0.135702 0.638106
5.000000 0.501877 0.147529 0.649407
5.100000 0.501223 0.155806 0.657029
5.200000 0.500558 0.159797 0.660355
5.300000 0.499938 0.159146 0.659085
5.400000 0.499327 0.153913 0.653240
5.500000 0.498826 0.144573 0.643399
5.600000 0.498469 0.131960 0.630429
5.700000 0.498193 0.117205 0.615398
5.800000 0.498099 0.101624 0.599723
5.900000 0.498141 0.086608 0.584749
6.000000 0.498207 0.073505 0.571712
6.100000 0.498367 0.063479 0.561846
6.200000 0.498524 0.057420 0.555944
6.300000 0.498681 0.055853 0.554534
6.400000 0.498757 0.058898 0.557655
6.500000 0.498801 0.066259 0.565060
6.600000 0.498826 0.077251 0.576077
6.700000 0.498802 0.090871 0.589673
6.800000 0.498831 0.105886 0.604717
6.900000 0.498803 0.120943 0.619745
7.000000 0.498772 0.134684 0.633456
7.100000 0.498670 0.145877 0.644547
7.200000 0.498641 0.153510 0.652151
7.300000 0.498645 0.156893 0.655538
7.400000 0.498652 0.155720 0.654372
7.500000 0.498713 0.150091 0.648804
7.600000 0.498786 0.140505 0.639291
7.700000 0.498912 0.127808 0.626720
7.800000 0.499059 0.113121 0.612180
7.900000 0.499266 0.097735 0.597001
8.000000 0.499552 0.083006 0.582558
8.100000 0.499859 0.070230 0.570089
8.200000 0.500146 0.060539 0.560685
8.300000 0.500411 0.054776 0.555187
8.400000 0.500678 0.053446 0.554124
8.500000 0.500868 0.056655 0.557523
8.600000 0.500987 0.064098 0.565085
8.700000 0.500933 0.075099 0.576032
8.800000 0.500809 0.088660 0.589470
8.900000 0.500624 0.103555 0.604179
9.000000 0.500304 0.118442 0.618746
9.100000 0.499912 0.131983 0.631896
9.200000 0.499528 0.142965 0.642492
9.300000 0.499110 0.150405 0.649515
9.400000 0.498697 0.153645 0.652342
9.500000 0.498275 0.152405 0.650679
9.600000 0.497898 0.146802 0.644700
9.700000 0.497541 0.137346 0.634886
9.800000 0.497256 0.124884 0.622139
9.900000 0.497027 0.110531 0.607558
10.000000 0.496846 0.095568 0.592414
10.100000 0.496723 0.081327 0.578050
10.200000 0.496693 0.069077 0.565770
10.300000 0.496706 0.059900 0.556607
10.400000 0.496722 0.054604 0.551326
10.500000 0.496833 0.053642 0.550474
10.600000 0.496987 0.057078 0.554064
10.700000 0.497209 0.064582 0.561791
10.800000 0.497415 0.075471 0.572886
10.900000 0.497598 0.088759 0.586357
11.000000 0.497818 0.103254 0.601072
11.100000 0.497903 0.117658 0.615561
11.200000 0.497897 0.130689 0.628585
11.300000 0.497770 0.141177 0.638947
11.400000 0.497532 0.148184 0.645717
11.500000 0.497210 0.151077 0.648287
11.600000 0.496863 0.149582 0.646445
11.700000 0.496570 0.143819 0.640389
11.800000 0.496262 0.134294 0.630556
11.900000 0.496039 0.121847 0.617886
12.000000 0.495892 0.107588 0.603480
12.100000 0.495813 0.092789 0.588602
12.200000 0.495873 0.078769 0.574642
12.300000 0.495965 0.066773 0.562738
12.400000 0.496100 0.057868 0.553968
12.500000 0.496260 0.052842 0.549102
12.600000 0.496384 0.052129 0.548514
12.700000 0.496511 0.055776 0.552287
12.800000 0.496605 0.063441 0.560047
12.900000 0.496594 0.074431 0.571025
13.000000 0.496592 0.087748 0.584340
13.100000 0.496511 0.102177 0.598688
13.200000 0.496458 0.116388 0.612846
13.300000 0.496451 0.129090 0.625542
13.400000 0.496536 0.139133 0.635669
13.500000 0.496701 0.145608 0.642309
13.600000 0.497008 0.147932 0.644940
13.700000 0.497316 0.145893 0.643209
13.800000 0.497663 0.139669 0.637333
13.900000 0.497999 0.129812 0.627811
14.000000 0.498277 0.117194 0.615471
14.100000 0.498515 0.102929 0.601444
14.200000 0.498662 0.088275 0.586937
14.300000 0.498846 0.074519 0.573366
14.400000 0.498873 0.062863 0.561737
14.500000 0.498902 0.054318 0.553220
14.600000 0.498855 0.049616 0.548471
14.700000 0.498836 0.049147 0.547983
14.800000 0.498820 0.052922 0.551742
14.900000 0.498810 0.060576 0.559386
15.000000 0.498804 0.071400 0.570204
15.100000 0.498862 0.084407 0.583269
15.200000 0.498904 0.098416 0.597319
15.300000 0.498951 0.112165 0.611116
15.400000 0.498948 0.124420 0.623368
15.500000 0.498989 0.134077 0.633066
15.600000 0.499039 0.140277 0.639317
15.700000 0.499005 0.142471 0.641476
15.800000 0.498847 0.140470 0.639317
15.900000 0.498707 0.134458 0.633165
16.000000 0.498389 0.124977 0.623366
16.100000 0.498098 0.112873 0.610972
16.200000 0.497722 0.099227 0.596949
16.300000 0.497367 0.085252 0.582619
16.400000 0.496929 0.072193 0.569122
16.500000 0.496542 0.061213 0.557755
16.600000 0.496179 0.053291 0.549470
16.700000 0.495858 0.049129 0.544988
16.800000 0.495487 0.049099 0.544586
16.900000 0.495093 0.053198 0.548291
17.000000 0.494722 0.061052 0.555775
17.100000 0.494326 0.071959 0.566284
17.200000 0.493906 0.084935 0.578841
17.300000 0.493576 0.098815 0.592391
17.400000 0.493266 0.112354 0.605620
17.500000 0.493067 0.124336 0.617403
17.600000 0.492897 0.133683 0.626579
17.700000 0.492879 0.139561 0.632440
17.800000 0.492961 0.141444 0.634405
17.900000 0.493075 0.139170 0.632245
18.000000 0.493293 0.132949 0.626241
18.100000 0.493452 0.123340 0.616792
18.200000 0.493671 0.111206 0.604878
18.300000 0.493775 0.097629 0.591405
18.400000 0.493932 0.083817 0.577748
18.500000 0.494010 0.070995 0.565005
18.600000 0.494031 0.060302 0.554333
18.700000 0.493996 0.052684 0.546680
18.800000 0.493889 0.048812 0.542701
18.900000 0.493781 0.049026 0.542807
19.000000 0.493689 0.053295 0.546984
19.100000 0.493618 0.061227 0.554845
19.200000 0.493559 0.072104 0.565663
19.300000 0.493550 0.084943 0.578493
19.400000 0.493599 0.098589 0.592188
19.500000 0.493677 0.111813 0.605491
19.600000 0.493867 0.123429 0.617296
19.700000 0.494035 0.132398 0.626433
19.800000 0.494237 0.137916 0.632153
19.900000 0.494365 0.139487 0.633852
20.000000 0.494463 0.136962 0.631426
