0.100000 0.508537 0.060171 0.568708
0.200000 0.508016 0.068634 0.576650
0.300000 0.507515 0.080303 0.587818
0.400000 0.507139 0.093394 0.600533
0.500000 0.506926 0.105905 0.612831
0.600000 0.506947 0.115955 0.622901
0.700000 0.507278 0.122104 0.629381
0.800000 0.508024 0.123559 0.631583
0.900000 0.508973 0.120268 0.629241
1.000000 0.510077 0.112874 0.622951
1.100000 0.511227 0.102574 0.613801
1.200000 0.512337 0.090912 0.603249
1.300000 0.513254 0.079548 0.592801
1.400000 0.514027 0.070026 0.584053
1.500000 0.514495 0.063567 0.578062
1.600000 0.514649 0.060914 0.575562
1.700000 0.514424 0.062246 0.576670
1.800000 0.513767 0.067166 0.580933
1.900000 0.512797 0.074742 0.587540
2.000000 0.511609 0.083630 0.595240
2.100000 0.510348 0.092277 0.602625
2.200000 0.509115 0.099164 0.608279
2.300000 0.508024 0.103032 0.611056
2.400000 0.507123 0.103095 0.610218
2.500000 0.506502 0.099191 0.605693
2.600000 0.506124 0.091855 0.597979
2.700000 0.505870 0.082267 0.588137
2.800000 0.505803 0.072089 0.577891
2.900000 0.505783 0.063193 0.568976
3.000000 0.505831 0.057326 0.563156
3.100000 0.505850 0.055784 0.561633
3.200000 0.505844 0.059156 0.564999
3.300000 0.505834 0.067196 0.573030
3.400000 0.505917 0.078859 0.584776
3.500000 0.506068 0.092489 0.598557
3.600000 0.506384 0.106106 0.612491
3.700000 0.506893 0.117761 0.624654
3.800000 0.507672 0.125835 0.633507
3.900000 0.508637 0.129282 0.637919
4.000000 0.509685 0.127756 0.637442
4.100000 0.510868 0.121611 0.632479
4.200000 0.512045 0.111809 0.623854
4.300000 0.513187 0.099742 0.612929
4.400000 0.514207 0.087019 0.601226
4.500000 0.515009 0.075240 0.590249
4.600000 0.515573 0.065782 0.581355
4.700000 0.515802 0.059632 0.575434
4.800000 0.515636 0.057272 0.572908
4.900000 0.515018 0.058624 0.573641
5.000000 0.513969 0.063078 0.577046
5.100000 0.512605 0.069590 0.582195
5.200000 0.510987 0.076839 0.587826
5.300000 0.509240 0.083429 0.592669
5.400000 0.507439 0.088102 0.595540
5.500000 0.505758 0.089945 0.595703
5.600000 0.504202 0.088559 0.592761
5.700000 0.503026 0.084141 0.587167
5.800000 0.502077 0.077496 0.579572
5.900000 0.501414 0.069916 0.571330
6.000000 0.501007 0.062978 0.563984
6.100000 0.500850 0.058258 0.559108
6.200000 0.500826 0.057040 0.557866
6.300000 0.500944 0.060048 0.560992
6.400000 0.501176 0.067296 0.568473
6.500000 0.501565 0.078064 0.579629
6.600000 0.502121 0.091009 0.593130
6.700000 0.502837 0.104406 0.607242
6.800000 0.503787 0.116436 0.620222
6.900000 0.504900 0.125484 0.630384
7.000000 0.506245 0.130379 0.636624
7.100000 0.507800 0.130556 0.638356
7.200000 0.509452 0.126107 0.635559
7.300000 0.511129 0.117728 0.628857
7.400000 0.512801 0.106586 0.619387
7.500000 0.514266 0.094129 0.608395
7.600000 0.515529 0.081881 0.597410
7.700000 0.516470 0.071225 0.587695
7.800000 0.517088 0.063237 0.580325
7.900000 0.517340 0.058560 0.575901
8.000000 0.517323 0.057347 0.574670
8.100000 0.516966 0.059267 0.576233
8.200000 0.516315 0.063564 0.579879
8.300000 0.515404 0.069166 0.584570
8.400000 0.514277 0.074860 0.589137
8.500000 0.513058 0.079470 0.592529
8.600000 0.511813 0.082042 0.593855
8.700000 0.510564 0.082014 0.592578
8.800000 0.509409 0.079316 0.588725
8.900000 0.508419 0.074420 0.582838
9.000000 0.507651 0.068266 0.575917
9.100000 0.507040 0.062140 0.569180
9.200000 0.506625 0.057430 0.564056
9.300000 0.506354 0.055384 0.561737
9.400000 0.506235 0.056852 0.563087
9.500000 0.506245 0.062112 0.568357
9.600000 0.506424 0.070794 0.577218
9.700000 0.506734 0.081923 0.588657
9.800000 0.507245 0.094085 0.601330
9.900000 0.507954 0.105660 0.613615
10.000000 0.508878 0.115097 0.623974
10.100000 0.510008 0.121152 0.631160
10.200000 0.511317 0.123077 0.634394
10.300000 0.512755 0.120708 0.633463
10.400000 0.514163 0.114453 0.628615
10.500000 0.515595 0.105205 0.620801
10.600000 0.516811 0.094197 0.611008
10.700000 0.517798 0.082807 0.600605
10.800000 0.518522 0.072376 0.590898
10.900000 0.518964 0.064025 0.582989
11.000000 0.519087 0.058523 0.577609
11.100000 0.518862 0.056203 0.575065
11.200000 0.518318 0.056942 0.575260
11.300000 0.517469 0.060187 0.577656
11.400000 0.516421 0.065057 0.581478
11.500000 0.515256 0.070474 0.585730
11.600000 0.513996 0.075316 0.589312
11.700000 0.512644 0.078598 0.591242
11.800000 0.511298 0.079637 0.590935
11.900000 0.510035 0.078187 0.588222
12.000000 0.508889 0.074502 0.583391
12.100000 0.507953 0.069289 0.577242
12.200000 0.507171 0.063617 0.570788
12.300000 0.506583 0.058731 0.565314
12.400000 0.506230 0.055842 0.562072
12.500000 0.506137 0.055890 0.562026
12.600000 0.506293 0.059347 0.565640
12.700000 0.506670 0.066114 0.572784
12.800000 0.507252 0.075513 0.582765
12.900000 0.507924 0.086411 0.594336
13.000000 0.508816 0.097386 0.606201
13.100000 0.509809 0.106958 0.616767
13.200000 0.510989 0.113835 0.624824
13.300000 0.512282 0.117120 0.629402
13.400000 0.513696 0.116435 0.630130
13.500000 0.515176 0.111945 0.627121
13.600000 0.516729 0.104305 0.621034
13.700000 0.518085 0.094549 0.612634
13.800000 0.519337 0.083914 0.603251
13.900000 0.520349 0.073684 0.594033
14.000000 0.521087 0.065009 0.586096
14.100000 0.521522 0.058767 0.580289
14.200000 0.521589 0.055452 0.577042
14.300000 0.521341 0.055128 0.576469
14.400000 0.520723 0.057430 0.578152
14.500000 0.519836 0.061635 0.581470
14.600000 0.518712 0.066776 0.585488
14.700000 0.517515 0.071791 0.589306
14.800000 0.516182 0.075682 0.591864
14.900000 0.514894 0.077675 0.592568
15.000000 0.513616 0.077349 0.590965
15.100000 0.512387 0.074720 0.587107
15.200000 0.511245 0.070256 0.581501
15.300000 0.510335 0.064825 0.575160
15.400000 0.509661 0.059547 0.569208
15.500000 0.509253 0.055609 0.564862
15.600000 0.509009 0.054041 0.563050
15.700000 0.508989 0.055518 0.564507
15.800000 0.509072 0.060214 0.569286
15.900000 0.509253 0.067752 0.577004
16.000000 0.509612 0.077255 0.586867
16.100000 0.510046 0.087490 0.597536
16.200000 0.510595 0.097073 0.607667
16.300000 0.511261 0.104702 0.615962
16.400000 0.511963 0.109366 0.621328
16.500000 0.512683 0.110488 0.623171
16.600000 0.513524 0.107994 0.621518
16.700000 0.514352 0.102301 0.616653
16.800000 0.515207 0.094238 0.609445
16.900000 0.515977 0.084907 0.600884
17.000000 0.516712 0.075520 0.592232
17.100000 0.517196 0.067229 0.584425
17.200000 0.517484 0.060969 0.578454
17.300000 0.517504 0.057345 0.574848
17.400000 0.517319 0.056561 0.573880
17.500000 0.516977 0.058414 0.575391
17.600000 0.516496 0.062328 0.578825
17.700000 0.515840 0.067447 0.583287
17.800000 0.515006 0.072754 0.587760
17.900000 0.514106 0.077232 0.591337
18.000000 0.513165 0.080015 0.593180
18.100000 0.512089 0.080539 0.592627
18.200000 0.511049 0.078645 0.589694
18.300000 0.510028 0.074628 0.584656
18.400000 0.509035 0.069204 0.578238
18.500000 0.508167 0.063410 0.571577
18.600000 0.507421 0.058435 0.565856
18.700000 0.506825 0.055405 0.562231
18.800000 0.506435 0.055173 0.561607
18.900000 0.506276 0.058141 0.564417
19.000000 0.506302 0.064176 0.570478
19.100000 0.506492 0.072613 0.579105
19.200000 0.506810 0.082364 0.589173
19.300000 0.507280 0.092100 0.599380
19.400000 0.507843 0.100487 0.608330
19.500000 0.508425 0.106386 0.614811
19.600000 0.509073 0.109039 0.618113
19.700000 0.509804 0.108159 0.617963
19.800000 0.510526 0.103957 0.614482
19.900000 0.511186 0.097085 0.608271
20.000000 0.511675 0.088528 0.600202
