0.100000 0.508458 0.058939 0.567397
0.200000 0.507687 0.065689 0.573376
0.300000 0.506755 0.074184 0.580939
0.400000 0.505733 0.081593 0.587326
0.500000 0.504649 0.085470 0.590119
0.600000 0.503606 0.084587 0.588192
0.700000 0.502660 0.079375 0.582034
0.800000 0.501936 0.071757 0.573693
0.900000 0.501387 0.064472 0.565860
1.000000 0.500982 0.060111 0.561093
1.100000 0.500728 0.060208 0.560936
1.200000 0.500602 0.064710 0.565312
1.300000 0.500522 0.072007 0.572530
1.400000 0.500609 0.079505 0.580115
1.500000 0.500749 0.084534 0.585283
1.600000 0.500883 0.085285 0.586168
1.700000 0.501028 0.081451 0.582479
1.800000 0.501159 0.074330 0.575489
1.900000 0.501275 0.066368 0.567643
2.000000 0.501383 0.060293 0.561675
2.100000 0.501506 0.058170 0.559676
2.200000 0.501646 0.060681 0.562327
2.300000 0.501898 0.066884 0.568782
2.400000 0.502246 0.074541 0.576787
2.500000 0.502650 0.080894 0.583544
2.600000 0.503125 0.083632 0.586758
2.700000 0.503618 0.081699 0.585318
2.800000 0.504104 0.075665 0.579769
2.900000 0.504535 0.067530 0.572065
3.000000 0.504873 0.060020 0.564893
3.100000 0.505071 0.055644 0.560715
3.200000 0.505142 0.055821 0.560963
3.300000 0.505093 0.060390 0.565483
3.400000 0.505001 0.067672 0.572673
3.500000 0.504799 0.075065 0.579864
3.600000 0.504552 0.079947 0.584499
3.700000 0.504263 0.080595 0.584859
3.800000 0.504062 0.076779 0.580841
3.900000 0.503834 0.069836 0.573670
4.000000 0.503578 0.062201 0.565779
4.100000 0.503343 0.056551 0.559894
4.200000 0.503141 0.054865 0.558006
4.300000 0.502973 0.057733 0.560706
4.400000 0.502852 0.064152 0.567003
4.500000 0.502712 0.071879 0.574591
4.600000 0.502561 0.078214 0.580776
4.700000 0.502459 0.080952 0.583412
4.800000 0.502320 0.079145 0.581465
4.900000 0.502032 0.073429 0.575461
5.000000 0.501621 0.065804 0.567424
5.100000 0.501164 0.058928 0.560091
5.200000 0.500632 0.055203 0.555835
5.300000 0.500078 0.055926 0.556004
5.400000 0.499506 0.060846 0.560352
5.500000 0.499021 0.068251 0.567272
5.600000 0.498548 0.075563 0.574111
5.700000 0.498203 0.080237 0.578439
5.800000 0.497995 0.080653 0.578648
5.900000 0.497839 0.076681 0.574520
6.000000 0.497799 0.069721 0.567520
6.100000 0.497831 0.062208 0.560039
6.200000 0.497892 0.056768 0.554660
6.300000 0.497982 0.055291 0.553272
6.400000 0.498019 0.058283 0.556301
6.500000 0.497994 0.064686 0.562680
6.600000 0.497961 0.072248 0.570209
6.700000 0.497924 0.078314 0.576238
6.800000 0.497904 0.080753 0.578657
6.900000 0.497883 0.078698 0.576581
7.000000 0.497895 0.072840 0.570735
7.100000 0.497979 0.065188 0.563167
7.200000 0.498073 0.058358 0.556431
7.300000 0.498240 0.054664 0.552904
7.400000 0.498441 0.055312 0.553753
7.500000 0.498681 0.059988 0.558669
7.600000 0.498911 0.066971 0.565881
7.700000 0.499168 0.073733 0.572901
7.800000 0.499425 0.077831 0.577256
7.900000 0.499649 0.077759 0.577409
8.000000 0.499916 0.073477 0.573392
8.100000 0.500146 0.066418 0.566564
8.200000 0.500338 0.059006 0.559344
8.300000 0.500528 0.053785 0.554313
8.400000 0.500553 0.052543 0.553095
8.500000 0.500566 0.055691 0.556257
8.600000 0.500527 0.062108 0.562635
8.700000 0.500375 0.069545 0.569920
8.800000 0.500177 0.075396 0.575574
8.900000 0.499965 0.077618 0.577583
9.000000 0.499720 0.075439 0.575159
9.100000 0.499450 0.069621 0.569072
9.200000 0.499184 0.062198 0.561382
9.300000 0.498926 0.055761 0.554687
9.400000 0.498667 0.052550 0.551217
9.500000 0.498398 0.053673 0.552070
9.600000 0.498191 0.058722 0.556913
9.700000 0.497982 0.065916 0.563898
9.800000 0.497839 0.072717 0.570556
9.900000 0.497724 0.076725 0.574450
10.000000 0.497631 0.076513 0.574144
10.100000 0.497690 0.072123 0.569812
10.200000 0.497720 0.065055 0.562775
10.300000 0.497806 0.057745 0.555551
10.400000 0.497849 0.052708 0.550556
10.500000 0.497893 0.051660 0.549553
10.600000 0.497915 0.054921 0.552836
10.700000 0.497880 0.061310 0.559191
10.800000 0.497850 0.068558 0.566408
10.900000 0.497814 0.074102 0.571916
11.000000 0.497766 0.075980 0.573746
11.100000 0.497657 0.073513 0.571171
11.200000 0.497517 0.067550 0.565067
11.300000 0.497326 0.060156 0.557482
11.400000 0.497100 0.053901 0.551001
11.500000 0.496871 0.050952 0.547824
11.600000 0.496636 0.052326 0.548961
11.700000 0.496371 0.057528 0.553899
11.800000 0.496066 0.064734 0.560799
11.900000 0.495781 0.071423 0.567204
12.000000 0.495476 0.075271 0.570748
12.100000 0.495207 0.074954 0.570161
12.200000 0.494952 0.070602 0.565554
12.300000 0.494695 0.063752 0.558448
12.400000 0.494496 0.056805 0.551301
12.500000 0.494351 0.052184 0.546535
12.600000 0.494287 0.051486 0.545773
12.700000 0.494278 0.054930 0.549208
12.800000 0.494356 0.061286 0.555642
12.900000 0.494415 0.068308 0.562723
13.000000 0.494475 0.073518 0.567993
13.100000 0.494584 0.075050 0.569635
13.200000 0.494719 0.072314 0.567033
13.300000 0.494873 0.066206 0.561079
13.400000 0.495079 0.058791 0.553870
13.500000 0.495323 0.052577 0.547900
13.600000 0.495632 0.049634 0.545266
13.700000 0.495925 0.050878 0.546803
13.800000 0.496307 0.055755 0.552063
13.900000 0.496643 0.062443 0.559086
14.000000 0.496968 0.068489 0.565457
14.100000 0.497340 0.071676 0.569016
14.200000 0.497734 0.070796 0.568530
14.300000 0.498061 0.066076 0.564137
14.400000 0.498296 0.059094 0.557390
14.500000 0.498468 0.052229 0.550696
14.600000 0.498541 0.047827 0.546368
14.700000 0.498540 0.047385 0.545925
14.800000 0.498431 0.051028 0.549459
14.900000 0.498262 0.057468 0.555731
15.000000 0.498025 0.064455 0.562480
15.100000 0.497789 0.069547 0.567336
15.200000 0.497488 0.070972 0.568460
15.300000 0.497234 0.068238 0.565472
15.400000 0.497068 0.062299 0.559367
15.500000 0.496929 0.055211 0.552140
15.600000 0.496858 0.049423 0.546281
15.700000 0.496746 0.046914 0.543660
15.800000 0.496659 0.048512 0.545171
15.900000 0.496570 0.053605 0.550175
16.000000 0.496498 0.060370 0.556868
16.100000 0.496438 0.066407 0.562845
16.200000 0.496300 0.069585 0.565885
16.300000 0.496083 0.068784 0.564867
16.400000 0.495842 0.064293 0.560135
16.500000 0.495550 0.057704 0.553253
16.600000 0.495270 0.051346 0.546616
16.700000 0.494936 0.047486 0.542421
16.800000 0.494579 0.047521 0.542100
16.900000 0.494203 0.051490 0.545693
17.000000 0.493816 0.058063 0.551880
17.100000 0.493430 0.064996 0.558427
17.200000 0.493090 0.069914 0.563005
17.300000 0.492807 0.071133 0.563939
17.400000 0.492565 0.068248 0.560813
17.500000 0.492416 0.062267 0.554683
17.600000 0.492379 0.055253 0.547631
17.700000 0.492444 0.049616 0.542059
17.800000 0.492607 0.047264 0.539870
17.900000 0.492811 0.048952 0.541763
18.000000 0.493023 0.054020 0.547043
18.100000 0.493184 0.060632 0.553817
18.200000 0.493269 0.066426 0.559695
18.300000 0.493201 0.069340 0.562541
18.400000 0.493045 0.068331 0.561376
18.500000 0.492739 0.063747 0.556486
18.600000 0.492447 0.057204 0.549651
18.700000 0.492071 0.051016 0.543087
18.800000 0.491767 0.047381 0.539148
18.900000 0.491443 0.047617 0.539060
19.000000 0.491188 0.051681 0.542869
19.100000 0.491010 0.058189 0.549199
19.200000 0.490919 0.064889 0.555808
19.300000 0.490869 0.069452 0.560320
19.400000 0.490891 0.070276 0.561167
19.500000 0.490962 0.067047 0.558010
19.600000 0.491077 0.060854 0.551931
19.700000 0.491151 0.053808 0.544959
19.800000 0.491293 0.048309 0.539602
19.900000 0.491477 0.046209 0.537686
20.000000 0.491664 0.048171 0.539834
