0.100000 0.508536 0.060148 0.568685
0.200000 0.508013 0.068318 0.576331
0.300000 0.507501 0.078879 0.586380
0.400000 0.507092 0.089433 0.596524
0.500000 0.506798 0.097598 0.604396
0.600000 0.506665 0.101591 0.608256
0.700000 0.506751 0.100648 0.607399
0.800000 0.507125 0.095158 0.602282
0.900000 0.507536 0.086520 0.594056
1.000000 0.507985 0.076768 0.584753
1.100000 0.508309 0.068080 0.576389
1.200000 0.508476 0.062287 0.570763
1.300000 0.508400 0.060485 0.568885
1.400000 0.508142 0.062821 0.570963
1.500000 0.507654 0.068472 0.576126
1.600000 0.506944 0.075846 0.582790
1.700000 0.506129 0.082951 0.589079
1.800000 0.505157 0.087861 0.593018
1.900000 0.504226 0.089189 0.593414
2.000000 0.503435 0.086438 0.589873
2.100000 0.502805 0.080193 0.582998
2.200000 0.502368 0.072016 0.574383
2.300000 0.502311 0.064084 0.566394
2.400000 0.502466 0.058623 0.561089
2.500000 0.502855 0.057300 0.560154
2.600000 0.503394 0.060755 0.564149
2.700000 0.504062 0.068401 0.572463
2.800000 0.504860 0.078567 0.583427
2.900000 0.505711 0.088933 0.594644
3.000000 0.506630 0.097123 0.603753
3.100000 0.507568 0.101298 0.608867
3.200000 0.508515 0.100575 0.609091
3.300000 0.509372 0.095196 0.604569
3.400000 0.510150 0.086410 0.596560
3.500000 0.510677 0.076149 0.586826
3.600000 0.510994 0.066559 0.577553
3.700000 0.511060 0.059521 0.570581
3.800000 0.510936 0.056254 0.567190
3.900000 0.510488 0.057074 0.567562
4.000000 0.509777 0.061350 0.571127
4.100000 0.508858 0.067662 0.576519
4.200000 0.507832 0.074148 0.581980
4.300000 0.506782 0.078944 0.585726
4.400000 0.505799 0.080649 0.586448
4.500000 0.504898 0.078701 0.583599
4.600000 0.504200 0.073564 0.577763
4.700000 0.503575 0.066653 0.570227
4.800000 0.503026 0.059999 0.563025
4.900000 0.502516 0.055721 0.558237
5.000000 0.501986 0.055440 0.557426
5.100000 0.501543 0.059805 0.561349
5.200000 0.501146 0.068292 0.569438
5.300000 0.500908 0.079295 0.580204
5.400000 0.500801 0.090544 0.591345
5.500000 0.500961 0.099668 0.600629
5.600000 0.501327 0.104771 0.606098
5.700000 0.501946 0.104864 0.606809
5.800000 0.502747 0.100054 0.602801
5.900000 0.503667 0.091468 0.595135
6.000000 0.504510 0.080950 0.585460
6.100000 0.505301 0.070618 0.575919
6.200000 0.505851 0.062400 0.568250
6.300000 0.506146 0.057630 0.563776
6.400000 0.506134 0.056793 0.562928
6.500000 0.505819 0.059465 0.565285
6.600000 0.505290 0.064435 0.569725
6.700000 0.504559 0.070021 0.574581
6.800000 0.503785 0.074476 0.578261
6.900000 0.502938 0.076419 0.579357
7.000000 0.502177 0.075198 0.577374
7.100000 0.501547 0.071081 0.572629
7.200000 0.501053 0.065222 0.566275
7.300000 0.500762 0.059385 0.560147
7.400000 0.500640 0.055483 0.556123
7.500000 0.500702 0.055046 0.555748
7.600000 0.500952 0.058774 0.559726
7.700000 0.501385 0.066302 0.567687
7.800000 0.502007 0.076260 0.578267
7.900000 0.502806 0.086613 0.589418
8.000000 0.503805 0.095172 0.598977
8.100000 0.504886 0.100136 0.605022
8.200000 0.506048 0.100504 0.606551
8.300000 0.507157 0.096273 0.603431
8.400000 0.508145 0.088405 0.596550
8.500000 0.509011 0.078565 0.587576
8.600000 0.509636 0.068719 0.578355
8.700000 0.509946 0.060706 0.570651
8.800000 0.509976 0.055847 0.565823
8.900000 0.509711 0.054694 0.564405
9.000000 0.509231 0.056945 0.566176
9.100000 0.508566 0.061540 0.570106
9.200000 0.507747 0.066924 0.574670
9.300000 0.506844 0.071429 0.578272
9.400000 0.505944 0.073676 0.579620
9.500000 0.505074 0.072939 0.578014
9.600000 0.504361 0.069355 0.573716
9.700000 0.503712 0.063919 0.567631
9.800000 0.503196 0.058256 0.561452
9.900000 0.502926 0.054201 0.557126
10.000000 0.502779 0.053293 0.556072
10.100000 0.502793 0.056333 0.559126
10.200000 0.502986 0.063124 0.566110
10.300000 0.503345 0.072488 0.575834
10.400000 0.503869 0.082550 0.586419
10.500000 0.504483 0.091204 0.595687
10.600000 0.505150 0.096640 0.601790
10.700000 0.505895 0.097767 0.603661
10.800000 0.506595 0.094435 0.601030
10.900000 0.507279 0.087437 0.594716
11.000000 0.507792 0.078273 0.586065
11.100000 0.508111 0.068805 0.576916
11.200000 0.508248 0.060827 0.569075
11.300000 0.508088 0.055695 0.563783
11.400000 0.507719 0.054061 0.561780
11.500000 0.507147 0.055768 0.562915
11.600000 0.506339 0.059907 0.566247
11.700000 0.505337 0.065052 0.570389
11.800000 0.504291 0.069591 0.573882
11.900000 0.503180 0.072145 0.575325
12.000000 0.502164 0.071925 0.574089
12.100000 0.501301 0.068947 0.570248
12.200000 0.500583 0.064052 0.564635
12.300000 0.500059 0.058709 0.558768
12.400000 0.499767 0.054648 0.554416
12.500000 0.499729 0.053380 0.553109
12.600000 0.499927 0.055757 0.555683
12.700000 0.500370 0.061714 0.562084
12.800000 0.501058 0.070250 0.571308
12.900000 0.501853 0.079667 0.581520
13.000000 0.502799 0.087987 0.590786
13.100000 0.503840 0.093425 0.597265
13.200000 0.504958 0.094822 0.599780
13.300000 0.506144 0.091909 0.598053
13.400000 0.507301 0.085331 0.592632
13.500000 0.508416 0.076458 0.584873
13.600000 0.509492 0.067048 0.576539
13.700000 0.510304 0.058860 0.569163
13.800000 0.510921 0.053273 0.564194
13.900000 0.511287 0.051019 0.562306
14.000000 0.511372 0.052050 0.563422
14.100000 0.511181 0.055589 0.566770
14.200000 0.510734 0.060326 0.571060
14.300000 0.510027 0.064739 0.574765
14.400000 0.509163 0.067466 0.576629
14.500000 0.508130 0.067653 0.575784
14.600000 0.507079 0.065191 0.572270
14.700000 0.506048 0.060769 0.566817
14.800000 0.505088 0.055721 0.560809
14.900000 0.504244 0.051682 0.555926
15.000000 0.503542 0.050143 0.553685
15.100000 0.503100 0.052024 0.555124
15.200000 0.502865 0.057385 0.560250
15.300000 0.502933 0.065378 0.568311
15.400000 0.503215 0.074444 0.577660
15.500000 0.503727 0.082697 0.586424
15.600000 0.504435 0.088392 0.592828
15.700000 0.505251 0.090354 0.595606
15.800000 0.506115 0.088230 0.594345
15.900000 0.506953 0.082544 0.589496
16.000000 0.507722 0.074548 0.582270
16.100000 0.508405 0.065909 0.574315
16.200000 0.508747 0.058341 0.567088
16.300000 0.508805 0.053227 0.562032
16.400000 0.508555 0.051337 0.559891
16.500000 0.508006 0.052687 0.560692
16.600000 0.507236 0.056561 0.563798
16.700000 0.506284 0.061692 0.567977
16.800000 0.505197 0.066567 0.571764
16.900000 0.504083 0.069786 0.573869
17.000000 0.502974 0.070413 0.573387
17.100000 0.501989 0.068235 0.570225
17.200000 0.501130 0.063829 0.564960
17.300000 0.500406 0.058450 0.558856
17.400000 0.499922 0.053710 0.553631
17.500000 0.499695 0.051147 0.550841
17.600000 0.499741 0.051801 0.551542
17.700000 0.500057 0.055907 0.555964
17.800000 0.500537 0.062801 0.563338
17.900000 0.501168 0.071080 0.572247
18.000000 0.501974 0.078949 0.580923
18.100000 0.502784 0.084671 0.587455
18.200000 0.503718 0.086998 0.590716
18.300000 0.504632 0.085451 0.590083
18.400000 0.505549 0.080411 0.585959
18.500000 0.506346 0.073002 0.579348
18.600000 0.506927 0.064815 0.571741
18.700000 0.507300 0.057525 0.564825
18.800000 0.507420 0.052532 0.559952
18.900000 0.507295 0.050658 0.557953
19.000000 0.506892 0.051995 0.558887
19.100000 0.506275 0.055906 0.562181
19.200000 0.505476 0.061179 0.566655
19.300000 0.504498 0.066318 0.570815
19.400000 0.503441 0.069890 0.573331
19.500000 0.502370 0.070891 0.573261
19.600000 0.501362 0.069012 0.570375
19.700000 0.500402 0.064741 0.565144
19.800000 0.499578 0.059269 0.558847
19.900000 0.498870 0.054198 0.553067
20.000000 0.498359 0.051126 0.549485
