0.100000 0.508490 0.059479 0.567970
0.200000 0.507818 0.067028 0.574847
0.300000 0.507053 0.077108 0.584161
0.400000 0.506264 0.087393 0.593657
0.500000 0.505485 0.095513 0.600997
0.600000 0.504735 0.099622 0.604357
0.700000 0.504147 0.098859 0.603006
0.800000 0.503759 0.093523 0.597282
0.900000 0.503534 0.084976 0.588510
1.000000 0.503371 0.075290 0.578661
1.100000 0.503313 0.066739 0.570052
1.200000 0.503223 0.061258 0.564481
1.300000 0.503151 0.060003 0.563153
1.400000 0.503087 0.063092 0.566179
1.500000 0.503028 0.069597 0.572625
1.600000 0.502877 0.077763 0.580640
1.700000 0.502684 0.085445 0.588129
1.800000 0.502448 0.090624 0.593072
1.900000 0.502156 0.091905 0.594061
2.000000 0.501888 0.088860 0.590748
2.100000 0.501709 0.082174 0.583884
2.200000 0.501613 0.073498 0.575111
2.300000 0.501735 0.065044 0.566779
2.400000 0.501985 0.059036 0.561021
2.500000 0.502362 0.057124 0.559486
2.600000 0.502841 0.059963 0.562804
2.700000 0.503360 0.067022 0.570381
2.800000 0.503967 0.076716 0.580683
2.900000 0.504521 0.086793 0.591313
3.000000 0.505064 0.094894 0.599957
3.100000 0.505501 0.099124 0.604625
3.200000 0.505855 0.098501 0.604356
3.300000 0.506033 0.093179 0.599212
3.400000 0.506221 0.084384 0.590605
3.500000 0.506264 0.074100 0.580364
3.600000 0.506159 0.064596 0.570755
3.700000 0.505988 0.057887 0.563874
3.800000 0.505751 0.055270 0.561021
3.900000 0.505387 0.057044 0.562431
4.000000 0.504977 0.062454 0.567431
4.100000 0.504508 0.069885 0.574393
4.200000 0.504056 0.077265 0.581321
4.300000 0.503636 0.082568 0.586204
4.400000 0.503211 0.084331 0.587542
4.500000 0.502822 0.082027 0.584849
4.600000 0.502564 0.076227 0.578791
4.700000 0.502294 0.068478 0.570772
4.800000 0.501966 0.060931 0.562897
4.900000 0.501610 0.055784 0.557395
5.000000 0.501108 0.054717 0.555824
5.100000 0.500591 0.058434 0.559025
5.200000 0.500057 0.066467 0.566524
5.300000 0.499544 0.077262 0.576806
5.400000 0.499087 0.088550 0.587638
5.500000 0.498743 0.097901 0.596644
5.600000 0.498467 0.103296 0.601763
5.700000 0.498405 0.103605 0.602010
5.800000 0.498467 0.098830 0.597296
5.900000 0.498644 0.090080 0.588724
6.000000 0.498883 0.079291 0.578173
6.100000 0.499165 0.068752 0.567917
6.200000 0.499365 0.060584 0.559949
6.300000 0.499554 0.056253 0.555807
6.400000 0.499610 0.056270 0.555880
6.500000 0.499551 0.060098 0.559649
6.600000 0.499382 0.066316 0.565699
6.700000 0.499114 0.072981 0.572095
6.800000 0.498889 0.078123 0.577013
6.900000 0.498537 0.080237 0.578774
7.000000 0.498242 0.078671 0.576913
7.100000 0.498005 0.073809 0.571814
7.200000 0.497861 0.066987 0.564848
7.300000 0.497797 0.060165 0.557963
7.400000 0.497878 0.055431 0.553308
7.500000 0.498020 0.054444 0.552464
7.600000 0.498283 0.057981 0.556264
7.700000 0.498654 0.065700 0.564354
7.800000 0.499113 0.076194 0.575307
7.900000 0.499601 0.087316 0.586917
8.000000 0.500178 0.096695 0.596873
8.100000 0.500741 0.102307 0.603048
8.200000 0.501261 0.102946 0.604207
8.300000 0.501831 0.098494 0.600325
8.400000 0.502235 0.089926 0.592161
8.500000 0.502588 0.079061 0.581649
8.600000 0.502774 0.068125 0.570899
8.700000 0.502784 0.059243 0.562027
8.800000 0.502641 0.053959 0.556600
8.900000 0.502400 0.052918 0.555318
9.000000 0.501988 0.055755 0.557742
9.100000 0.501562 0.061208 0.562770
9.200000 0.501063 0.067459 0.568522
9.300000 0.500546 0.072588 0.573134
9.400000 0.499995 0.075062 0.575057
9.500000 0.499436 0.074128 0.573564
9.600000 0.498962 0.070026 0.568988
9.700000 0.498518 0.063946 0.562464
9.800000 0.498164 0.057733 0.555897
9.900000 0.497937 0.053412 0.551349
10.000000 0.497778 0.052655 0.550434
10.100000 0.497738 0.056311 0.554049
10.200000 0.497790 0.064153 0.561943
10.300000 0.497953 0.074887 0.572840
10.400000 0.498217 0.086441 0.584658
10.500000 0.498513 0.096453 0.594966
10.600000 0.498876 0.102827 0.601703
10.700000 0.499300 0.104236 0.603536
10.800000 0.499754 0.100404 0.600158
10.900000 0.500148 0.092166 0.592313
11.000000 0.500543 0.081236 0.581779
11.100000 0.500718 0.069805 0.570523
11.200000 0.500793 0.060038 0.560831
11.300000 0.500620 0.053596 0.554216
11.400000 0.500314 0.051295 0.551608
11.500000 0.499877 0.052953 0.552830
11.600000 0.499318 0.057478 0.556796
11.700000 0.498698 0.063168 0.561866
11.800000 0.498023 0.068146 0.566169
11.900000 0.497394 0.070849 0.568244
12.000000 0.496810 0.070442 0.567252
12.100000 0.496330 0.067038 0.563368
12.200000 0.495908 0.061683 0.557591
12.300000 0.495552 0.056099 0.551650
12.400000 0.495277 0.052232 0.547509
12.500000 0.495104 0.051736 0.546840
12.600000 0.495030 0.055503 0.550532
12.700000 0.495092 0.063394 0.558486
12.800000 0.495337 0.074226 0.569562
12.900000 0.495554 0.086026 0.581580
13.000000 0.495940 0.096480 0.592420
13.100000 0.496366 0.103461 0.599827
13.200000 0.496864 0.105527 0.602391
13.300000 0.497478 0.102262 0.599741
13.400000 0.498092 0.094346 0.592438
13.500000 0.498767 0.083369 0.582136
13.600000 0.499412 0.071458 0.570870
13.700000 0.499963 0.060784 0.560747
13.800000 0.500436 0.053091 0.553527
13.900000 0.500744 0.049341 0.550085
14.000000 0.500945 0.049532 0.550477
14.100000 0.501001 0.052767 0.553768
14.200000 0.500947 0.057507 0.558454
14.300000 0.500767 0.061986 0.562753
14.400000 0.500456 0.064661 0.565116
14.500000 0.500048 0.064621 0.564669
14.600000 0.499583 0.061831 0.561414
14.700000 0.499043 0.057157 0.556200
14.800000 0.498525 0.052158 0.550683
14.900000 0.498105 0.048679 0.546783
15.000000 0.497684 0.048344 0.546028
15.100000 0.497405 0.052102 0.549507
15.200000 0.497173 0.059919 0.557092
15.300000 0.497051 0.070731 0.567783
15.400000 0.497101 0.082667 0.579768
15.500000 0.497293 0.093462 0.590755
15.600000 0.497590 0.100999 0.598589
15.700000 0.497957 0.103789 0.601746
15.800000 0.498360 0.101309 0.599669
15.900000 0.498701 0.094100 0.592801
16.000000 0.499027 0.083629 0.582657
16.100000 0.499246 0.071935 0.571181
16.200000 0.499246 0.061170 0.560416
16.300000 0.499120 0.053127 0.552248
16.400000 0.498841 0.048876 0.547717
16.500000 0.498408 0.048556 0.546963
16.600000 0.497882 0.051406 0.549288
16.700000 0.497266 0.055991 0.553257
16.800000 0.496614 0.060581 0.557195
16.900000 0.495950 0.063602 0.559552
17.000000 0.495338 0.064050 0.559388
17.100000 0.494881 0.061758 0.556639
17.200000 0.494504 0.057459 0.551964
17.300000 0.494290 0.052610 0.546900
17.400000 0.494238 0.049009 0.543247
17.500000 0.494301 0.048313 0.542614
17.600000 0.494483 0.051569 0.546052
17.700000 0.494705 0.058898 0.553604
17.800000 0.494921 0.069396 0.564317
17.900000 0.495160 0.081308 0.576467
18.000000 0.495376 0.092428 0.587804
18.100000 0.495492 0.100601 0.596093
18.200000 0.495636 0.104233 0.599869
18.300000 0.495666 0.102638 0.598304
18.400000 0.495655 0.096185 0.591840
18.500000 0.495584 0.086189 0.581773
18.600000 0.495451 0.074604 0.570056
18.700000 0.495256 0.063576 0.558833
18.800000 0.495012 0.054969 0.549981
18.900000 0.494710 0.049973 0.544683
19.000000 0.494416 0.048879 0.543295
19.100000 0.494014 0.051066 0.545080
19.200000 0.493645 0.055194 0.548839
19.300000 0.493281 0.059578 0.552858
19.400000 0.492963 0.062621 0.555584
19.500000 0.492717 0.063248 0.555965
19.600000 0.492581 0.061194 0.553775
19.700000 0.492440 0.057096 0.549536
19.800000 0.492359 0.052336 0.544696
19.900000 0.492330 0.048698 0.541028
20.000000 0.492280 0.047875 0.540155
