0.100000 0.508490 0.059391 0.567881
0.200000 0.507814 0.065818 0.573631
0.300000 0.507029 0.071962 0.578991
0.400000 0.506187 0.074489 0.580676
0.500000 0.505298 0.072193 0.577491
0.600000 0.504394 0.066669 0.571063
0.700000 0.503540 0.061318 0.564858
0.800000 0.502875 0.059303 0.562178
0.900000 0.502244 0.061685 0.563929
1.000000 0.501686 0.066833 0.568519
1.100000 0.501264 0.071446 0.572710
1.200000 0.500955 0.072582 0.573537
1.300000 0.500718 0.069479 0.570197
1.400000 0.500637 0.064051 0.564689
1.500000 0.500718 0.059745 0.560462
1.600000 0.500809 0.059404 0.560213
1.700000 0.500989 0.063492 0.564482
1.800000 0.501222 0.069756 0.570978
1.900000 0.501433 0.074560 0.575993
2.000000 0.501694 0.075063 0.576757
2.100000 0.501979 0.070904 0.572883
2.200000 0.502248 0.064381 0.566629
2.300000 0.502566 0.059049 0.561615
2.400000 0.502934 0.057617 0.560551
2.500000 0.503286 0.060375 0.563661
2.600000 0.503626 0.065092 0.568718
2.700000 0.503926 0.068420 0.572347
2.800000 0.504215 0.067961 0.572176
2.900000 0.504445 0.063771 0.568216
3.000000 0.504674 0.058363 0.563037
3.100000 0.504820 0.055176 0.559996
3.200000 0.504896 0.056430 0.561326
3.300000 0.504966 0.061699 0.566665
3.400000 0.504984 0.068107 0.573092
3.500000 0.504905 0.072027 0.576931
3.600000 0.504825 0.071232 0.576057
3.700000 0.504685 0.066204 0.570889
3.800000 0.504518 0.059797 0.564315
3.900000 0.504276 0.055521 0.559797
4.000000 0.503961 0.055493 0.559454
4.100000 0.503596 0.059230 0.562826
4.200000 0.503231 0.064025 0.567256
4.300000 0.502888 0.066631 0.569519
4.400000 0.502613 0.065276 0.567889
4.500000 0.502385 0.060786 0.563171
4.600000 0.502219 0.056104 0.558323
4.700000 0.502124 0.054481 0.556604
4.800000 0.501995 0.057417 0.559412
4.900000 0.501821 0.063670 0.565491
5.000000 0.501506 0.069933 0.571439
5.100000 0.501164 0.072791 0.573955
5.200000 0.500771 0.070740 0.571511
5.300000 0.500334 0.065036 0.565370
5.400000 0.499873 0.058911 0.558784
5.500000 0.499391 0.055654 0.555046
5.600000 0.498879 0.056702 0.555581
5.700000 0.498492 0.060873 0.559364
5.800000 0.498125 0.065170 0.563295
5.900000 0.497797 0.066664 0.564460
6.000000 0.497567 0.064321 0.561888
6.100000 0.497446 0.059677 0.557122
6.200000 0.497377 0.055903 0.553280
6.300000 0.497384 0.055822 0.553206
6.400000 0.497478 0.060090 0.557569
6.500000 0.497596 0.066698 0.564294
6.600000 0.497732 0.072103 0.569836
6.700000 0.497901 0.073321 0.571222
6.800000 0.498145 0.069669 0.567814
6.900000 0.498373 0.063139 0.561511
7.000000 0.498561 0.057185 0.555746
7.100000 0.498746 0.054713 0.553459
7.200000 0.498866 0.056436 0.555302
7.300000 0.498951 0.060559 0.559509
7.400000 0.498982 0.063967 0.562949
7.500000 0.499014 0.064180 0.563194
7.600000 0.499056 0.060910 0.559966
7.700000 0.499149 0.056266 0.555415
7.800000 0.499301 0.053447 0.552748
7.900000 0.499483 0.054715 0.554198
8.000000 0.499755 0.059901 0.559655
8.100000 0.500000 0.066401 0.566401
8.200000 0.500321 0.070681 0.571003
8.300000 0.500644 0.070346 0.570990
8.400000 0.500843 0.065549 0.566391
8.500000 0.500963 0.058868 0.559831
8.600000 0.500994 0.053775 0.554770
8.700000 0.500825 0.052637 0.553463
8.800000 0.500525 0.055398 0.555923
8.900000 0.500180 0.059728 0.559908
9.000000 0.499778 0.062520 0.562297
9.100000 0.499363 0.061830 0.561194
9.200000 0.498998 0.058107 0.557105
9.300000 0.498692 0.053931 0.552623
9.400000 0.498417 0.052403 0.550820
9.500000 0.498245 0.055155 0.553399
9.600000 0.498180 0.061231 0.559412
9.700000 0.498127 0.067564 0.565691
9.800000 0.498167 0.070747 0.568914
9.900000 0.498259 0.069036 0.567295
10.000000 0.498405 0.063352 0.561757
10.100000 0.498585 0.056707 0.555292
10.200000 0.498710 0.052432 0.551142
10.300000 0.498842 0.052277 0.551119
10.400000 0.498860 0.055487 0.554347
10.500000 0.498823 0.059370 0.558193
10.600000 0.498731 0.061029 0.559760
10.700000 0.498594 0.059192 0.557786
10.800000 0.498451 0.055035 0.553486
10.900000 0.498266 0.051476 0.549742
11.000000 0.498125 0.051333 0.549458
11.100000 0.497939 0.055489 0.553427
11.200000 0.497742 0.062225 0.559966
11.300000 0.497517 0.068142 0.565658
11.400000 0.497297 0.070136 0.567433
11.500000 0.497118 0.067200 0.564318
11.600000 0.496930 0.060969 0.557900
11.700000 0.496659 0.054740 0.551399
11.800000 0.496407 0.051544 0.547951
11.900000 0.496104 0.052447 0.548551
12.000000 0.495754 0.056062 0.551816
12.100000 0.495433 0.059518 0.554951
12.200000 0.495072 0.060288 0.555360
12.300000 0.494739 0.057803 0.552542
12.400000 0.494476 0.053826 0.548302
12.500000 0.494276 0.051359 0.545635
12.600000 0.494153 0.052715 0.546868
12.700000 0.494150 0.057958 0.552108
12.800000 0.494282 0.064734 0.559016
12.900000 0.494403 0.069574 0.563977
13.000000 0.494616 0.069901 0.564517
13.100000 0.494823 0.065507 0.560331
13.200000 0.495106 0.058641 0.553748
13.300000 0.495392 0.052691 0.548083
13.400000 0.495674 0.050240 0.545914
13.500000 0.495958 0.051659 0.547617
13.600000 0.496258 0.055038 0.551296
13.700000 0.496512 0.057483 0.553995
13.800000 0.496756 0.056961 0.553716
13.900000 0.497010 0.053613 0.550622
14.000000 0.497300 0.049685 0.546984
14.100000 0.497592 0.048112 0.545705
14.200000 0.497898 0.050617 0.548516
14.300000 0.498190 0.056509 0.554699
14.400000 0.498474 0.062959 0.561433
14.500000 0.498683 0.066603 0.565286
14.600000 0.498788 0.065492 0.564281
14.700000 0.498775 0.060207 0.558982
14.800000 0.498640 0.053488 0.552128
14.900000 0.498441 0.048637 0.547078
15.000000 0.498070 0.047648 0.545719
15.100000 0.497611 0.050159 0.547771
15.200000 0.497154 0.053821 0.550974
15.300000 0.496712 0.055834 0.552546
15.400000 0.496345 0.054725 0.551070
15.500000 0.496080 0.051293 0.547373
15.600000 0.495900 0.048119 0.544019
15.700000 0.495807 0.047914 0.543721
15.800000 0.495849 0.051739 0.547588
15.900000 0.495908 0.058197 0.554105
16.000000 0.496062 0.064152 0.560214
16.100000 0.496191 0.066521 0.562712
16.200000 0.496240 0.064064 0.560304
16.300000 0.496160 0.058087 0.554248
16.400000 0.495950 0.051662 0.547613
16.500000 0.495645 0.047854 0.543499
16.600000 0.495255 0.048012 0.543267
16.700000 0.494726 0.051123 0.545849
16.800000 0.494164 0.054557 0.548721
16.900000 0.493580 0.055772 0.549352
17.000000 0.493036 0.053930 0.546966
17.100000 0.492552 0.050436 0.542988
17.200000 0.492224 0.048064 0.540288
17.300000 0.492027 0.049161 0.541188
17.400000 0.491951 0.054063 0.546014
17.500000 0.492005 0.060729 0.552734
17.600000 0.492150 0.065844 0.557994
17.700000 0.492440 0.066732 0.559171
17.800000 0.492733 0.062905 0.555638
17.900000 0.492996 0.056337 0.549333
18.000000 0.493115 0.050299 0.543414
18.100000 0.493031 0.047509 0.540540
18.200000 0.492809 0.048645 0.541453
18.300000 0.492375 0.052098 0.544473
18.400000 0.491842 0.055080 0.546922
18.500000 0.491238 0.055407 0.546646
18.600000 0.490634 0.052895 0.543529
18.700000 0.490128 0.049479 0.539607
18.800000 0.489684 0.047992 0.537676
18.900000 0.489404 0.050314 0.539719
19.000000 0.489245 0.056067 0.545312
19.100000 0.489224 0.062679 0.551903
19.200000 0.489285 0.066824 0.556109
19.300000 0.489426 0.066343 0.555769
19.400000 0.489655 0.061490 0.551145
19.500000 0.489830 0.054757 0.544587
19.600000 0.490024 0.049427 0.539451
19.700000 0.490199 0.047714 0.537913
19.800000 0.490340 0.049586 0.539925
19.900000 0.490481 0.052936 0.543417
20.000000 0.490619 0.054981 0.545600
