0.100000 0.508543 0.060222 0.568765
0.200000 0.508041 0.068733 0.576773
0.300000 0.507580 0.080435 0.588015
0.400000 0.507262 0.093532 0.600793
0.500000 0.507130 0.106014 0.613144
0.600000 0.507278 0.116004 0.623283
0.700000 0.507799 0.122075 0.629874
0.800000 0.508662 0.123452 0.632114
0.900000 0.509817 0.120101 0.629918
1.000000 0.511092 0.112682 0.623774
1.100000 0.512427 0.102397 0.614824
1.200000 0.513656 0.090786 0.604442
1.300000 0.514715 0.079496 0.594211
1.400000 0.515571 0.070050 0.585622
1.500000 0.516095 0.063648 0.579743
1.600000 0.516197 0.061019 0.577216
1.700000 0.515936 0.062339 0.578275
1.800000 0.515243 0.067212 0.582455
1.900000 0.514156 0.074720 0.588876
2.000000 0.512878 0.083540 0.596418
2.100000 0.511508 0.092144 0.603653
2.200000 0.510103 0.099021 0.609123
2.300000 0.508903 0.102915 0.611819
2.400000 0.507890 0.103037 0.610926
2.500000 0.507112 0.099205 0.606316
2.600000 0.506604 0.091936 0.598539
2.700000 0.506286 0.082391 0.588677
2.800000 0.506157 0.072218 0.578375
2.900000 0.506149 0.063283 0.569432
3.000000 0.506179 0.057332 0.563511
3.100000 0.506196 0.055663 0.561860
3.200000 0.506190 0.058870 0.565060
3.300000 0.506227 0.066709 0.572935
3.400000 0.506340 0.078138 0.584478
3.500000 0.506584 0.091505 0.598089
3.600000 0.506987 0.104848 0.611835
3.700000 0.507636 0.116236 0.623872
3.800000 0.508558 0.124084 0.632642
3.900000 0.509637 0.127380 0.637017
4.000000 0.510846 0.125802 0.636649
4.100000 0.512204 0.119720 0.631924
4.200000 0.513591 0.110093 0.623684
4.300000 0.514867 0.098298 0.613165
4.400000 0.515999 0.085914 0.601913
4.500000 0.516951 0.074499 0.591451
4.600000 0.517561 0.065392 0.582953
4.700000 0.517845 0.059540 0.577385
4.800000 0.517680 0.057402 0.575082
4.900000 0.517012 0.058898 0.575910
5.000000 0.515900 0.063429 0.579329
5.100000 0.514452 0.069973 0.584426
5.200000 0.512718 0.077240 0.589958
5.300000 0.510825 0.083858 0.594683
5.400000 0.508860 0.088585 0.597444
5.500000 0.506991 0.090512 0.597503
5.600000 0.505308 0.089228 0.594536
5.700000 0.503932 0.084902 0.588834
5.800000 0.502877 0.078299 0.581176
5.900000 0.502107 0.070670 0.572777
6.000000 0.501645 0.063551 0.565197
6.100000 0.501488 0.058494 0.559982
6.200000 0.501467 0.056770 0.558237
6.300000 0.501666 0.059112 0.560778
6.400000 0.501995 0.065559 0.567554
6.500000 0.502513 0.075432 0.577945
6.600000 0.503196 0.087445 0.590640
6.700000 0.504096 0.099938 0.604034
6.800000 0.505235 0.111167 0.616402
6.900000 0.506564 0.119588 0.626151
7.000000 0.508125 0.124090 0.632215
7.100000 0.509737 0.124151 0.633887
7.200000 0.511432 0.119873 0.631306
7.300000 0.513172 0.111935 0.625107
7.400000 0.514803 0.101460 0.616262
7.500000 0.516298 0.089829 0.606127
7.600000 0.517496 0.078490 0.595986
7.700000 0.518422 0.068749 0.587171
7.800000 0.519009 0.061616 0.580624
7.900000 0.519263 0.057685 0.576948
8.000000 0.519175 0.057082 0.576257
8.100000 0.518785 0.059467 0.578251
8.200000 0.518131 0.064093 0.582224
8.300000 0.517214 0.069917 0.587131
8.400000 0.516031 0.075755 0.591786
8.500000 0.514757 0.080460 0.595217
8.600000 0.513481 0.083095 0.596576
8.700000 0.512162 0.083100 0.595262
8.800000 0.510977 0.080392 0.591369
8.900000 0.509935 0.075412 0.585346
9.000000 0.509093 0.069075 0.578168
9.100000 0.508440 0.062627 0.571067
9.200000 0.508001 0.057427 0.565428
9.300000 0.507713 0.054705 0.562418
9.400000 0.507583 0.055304 0.562887
9.500000 0.507638 0.059524 0.567162
9.600000 0.507868 0.067031 0.574899
9.700000 0.508249 0.076915 0.585164
9.800000 0.508857 0.087841 0.596697
9.900000 0.509726 0.098279 0.608006
10.000000 0.510852 0.106770 0.617621
10.100000 0.512213 0.112147 0.624360
10.200000 0.513837 0.113726 0.627562
10.300000 0.515478 0.111373 0.626851
10.400000 0.517133 0.105501 0.622634
10.500000 0.518725 0.096975 0.615701
10.600000 0.520106 0.086972 0.607079
10.700000 0.521126 0.076790 0.597916
10.800000 0.521811 0.067676 0.589487
10.900000 0.522105 0.060654 0.582760
11.000000 0.522030 0.056408 0.578438
11.100000 0.521524 0.055207 0.576731
11.200000 0.520741 0.056893 0.577634
11.300000 0.519650 0.060902 0.580552
11.400000 0.518392 0.066355 0.584747
11.500000 0.517044 0.072188 0.589232
11.600000 0.515640 0.077309 0.592948
11.700000 0.514187 0.080772 0.594960
11.800000 0.512740 0.081918 0.594658
11.900000 0.511372 0.080490 0.591862
12.000000 0.510151 0.076694 0.586846
12.100000 0.509159 0.071186 0.580345
12.200000 0.508364 0.064974 0.573338
12.300000 0.507865 0.059260 0.567125
12.400000 0.507633 0.055228 0.562861
12.500000 0.507725 0.053814 0.561539
12.600000 0.508041 0.055529 0.563571
12.700000 0.508635 0.060352 0.568987
12.800000 0.509487 0.067719 0.577207
12.900000 0.510435 0.076625 0.587059
13.000000 0.511550 0.085786 0.597336
13.100000 0.512758 0.093851 0.606609
13.200000 0.514110 0.099631 0.613741
13.300000 0.515631 0.102302 0.617933
13.400000 0.517228 0.101515 0.618742
13.500000 0.518912 0.097423 0.616335
13.600000 0.520655 0.090638 0.611292
13.700000 0.522287 0.082114 0.604401
13.800000 0.523714 0.073005 0.596720
13.900000 0.524897 0.064491 0.589388
14.000000 0.525714 0.057615 0.583329
14.100000 0.526141 0.053153 0.579294
14.200000 0.526132 0.051512 0.577645
14.300000 0.525699 0.052694 0.578394
14.400000 0.524911 0.056300 0.581211
14.500000 0.523812 0.061597 0.585409
14.600000 0.522421 0.067624 0.590045
14.700000 0.520851 0.073335 0.594186
14.800000 0.519133 0.077739 0.596872
14.900000 0.517444 0.080062 0.597506
15.000000 0.515731 0.079870 0.595601
15.100000 0.514155 0.077154 0.591310
15.200000 0.512716 0.072355 0.585071
15.300000 0.511530 0.066305 0.577835
15.400000 0.510578 0.060097 0.570675
15.500000 0.509914 0.054899 0.564813
15.600000 0.509541 0.051746 0.561287
15.700000 0.509403 0.051344 0.560747
15.800000 0.509525 0.053927 0.563452
15.900000 0.509886 0.059209 0.569094
16.000000 0.510472 0.066431 0.576904
16.100000 0.511337 0.074497 0.585834
16.200000 0.512307 0.082165 0.594472
16.300000 0.513456 0.088263 0.601719
16.400000 0.514701 0.091887 0.606588
16.500000 0.515970 0.092528 0.608498
16.600000 0.517269 0.090144 0.607413
16.700000 0.518528 0.085131 0.603659
16.800000 0.519698 0.078248 0.597945
16.900000 0.520708 0.070496 0.591204
17.000000 0.521514 0.062963 0.584476
17.100000 0.522151 0.056671 0.578822
17.200000 0.522471 0.052441 0.574912
17.300000 0.522433 0.050781 0.573214
17.400000 0.522122 0.051827 0.573950
17.500000 0.521497 0.055327 0.576824
17.600000 0.520610 0.060677 0.581287
17.700000 0.519542 0.067009 0.586551
17.800000 0.518272 0.073307 0.591579
17.900000 0.516872 0.078556 0.595428
18.000000 0.515370 0.081889 0.597259
18.100000 0.513736 0.082720 0.596457
18.200000 0.512261 0.080869 0.593129
18.300000 0.510899 0.076588 0.587487
18.400000 0.509724 0.070552 0.580276
18.500000 0.508734 0.063759 0.572493
18.600000 0.507985 0.057379 0.565364
18.700000 0.507482 0.052542 0.560024
18.800000 0.507209 0.050133 0.557343
18.900000 0.507212 0.050636 0.557848
19.000000 0.507384 0.054028 0.561412
19.100000 0.507722 0.059783 0.567505
19.200000 0.508177 0.066965 0.575142
19.300000 0.508842 0.074401 0.583243
19.400000 0.509639 0.080891 0.590530
19.500000 0.510590 0.085412 0.596002
19.600000 0.511704 0.087276 0.598980
19.700000 0.512936 0.086237 0.599173
19.800000 0.514233 0.082497 0.596730
19.900000 0.515516 0.076667 0.592183
20.000000 0.516726 0.069646 0.586372
