0.100000 0.508458 0.059006 0.567463
0.200000 0.507687 0.066696 0.574383
0.300000 0.506752 0.078920 0.585673
0.400000 0.505737 0.095174 0.600910
0.500000 0.504658 0.114778 0.619436
0.600000 0.503638 0.136906 0.640545
0.700000 0.502705 0.160644 0.663349
0.800000 0.502016 0.185024 0.687040
0.900000 0.501494 0.209074 0.710568
1.000000 0.501151 0.231841 0.732991
1.100000 0.500947 0.252425 0.753371
1.200000 0.500860 0.270013 0.770873
1.300000 0.500926 0.283914 0.784840
1.400000 0.501133 0.293584 0.794717
1.500000 0.501403 0.298652 0.800054
1.600000 0.501663 0.298927 0.800590
1.700000 0.501952 0.294415 0.796366
1.800000 0.502258 0.285308 0.787565
1.900000 0.502491 0.271972 0.774463
2.000000 0.502731 0.254918 0.757649
2.100000 0.503038 0.234804 0.737842
2.200000 0.503408 0.212418 0.715826
2.300000 0.503825 0.188649 0.692474
2.400000 0.504334 0.164444 0.668777
2.500000 0.504859 0.140768 0.645627
2.600000 0.505401 0.118567 0.623968
2.700000 0.505837 0.098731 0.604568
2.800000 0.506237 0.082058 0.588295
2.900000 0.506504 0.069224 0.575728
3.000000 0.506628 0.060748 0.567375
3.100000 0.506559 0.056966 0.563525
3.200000 0.506361 0.058008 0.564369
3.300000 0.506080 0.063797 0.569877
3.400000 0.505791 0.074073 0.579864
3.500000 0.505559 0.088408 0.593967
3.600000 0.505315 0.106228 0.611542
3.700000 0.505115 0.126824 0.631939
3.800000 0.504911 0.149383 0.654293
3.900000 0.504801 0.173006 0.677807
4.000000 0.504607 0.196756 0.701363
4.100000 0.504433 0.219684 0.724116
4.200000 0.504413 0.240874 0.745287
4.300000 0.504327 0.259481 0.763808
4.400000 0.504295 0.274763 0.779058
4.500000 0.504268 0.286117 0.790385
4.600000 0.504238 0.293110 0.797348
4.700000 0.504158 0.295487 0.799646
4.800000 0.503977 0.293185 0.797162
4.900000 0.503685 0.286313 0.789997
5.000000 0.503269 0.275147 0.778416
5.100000 0.502765 0.260125 0.762890
5.200000 0.502135 0.241832 0.743967
5.300000 0.501507 0.220976 0.722483
5.400000 0.500865 0.198371 0.699236
5.500000 0.500335 0.174905 0.675240
5.600000 0.499880 0.151504 0.651384
5.700000 0.499578 0.129086 0.628664
5.800000 0.499374 0.108535 0.607910
5.900000 0.499257 0.090663 0.589920
6.000000 0.499193 0.076180 0.575373
6.100000 0.499213 0.065658 0.564872
6.200000 0.499232 0.059515 0.558747
6.300000 0.499297 0.057982 0.557279
6.400000 0.499274 0.061111 0.560385
6.500000 0.499220 0.068759 0.567979
6.600000 0.499158 0.080597 0.579755
6.700000 0.499036 0.096130 0.595166
6.800000 0.498994 0.114712 0.613705
6.900000 0.498880 0.135580 0.634460
7.000000 0.498837 0.157879 0.656716
7.100000 0.498847 0.180701 0.679548
7.200000 0.498927 0.203120 0.702047
7.300000 0.499005 0.224232 0.723237
7.400000 0.499137 0.243192 0.742329
7.500000 0.499331 0.259243 0.758574
7.600000 0.499531 0.271748 0.771279
7.700000 0.499749 0.280202 0.779951
7.800000 0.500056 0.284264 0.784320
7.900000 0.500327 0.283764 0.784091
8.000000 0.500668 0.278721 0.779389
8.100000 0.501029 0.269348 0.770376
8.200000 0.501384 0.256030 0.757414
8.300000 0.501685 0.239314 0.740999
8.400000 0.501929 0.219878 0.721807
8.500000 0.502033 0.198498 0.700531
8.600000 0.502120 0.176020 0.678140
8.700000 0.502109 0.153330 0.655439
8.800000 0.502186 0.131320 0.633505
8.900000 0.502215 0.110847 0.613061
9.000000 0.502239 0.092715 0.594954
9.100000 0.502303 0.077645 0.579948
9.200000 0.502410 0.066246 0.568656
9.300000 0.502460 0.058989 0.561449
9.400000 0.502420 0.056174 0.558595
9.500000 0.502268 0.057911 0.560178
9.600000 0.502089 0.064108 0.566197
9.700000 0.501918 0.074500 0.576418
9.800000 0.501746 0.088657 0.590403
9.900000 0.501582 0.106007 0.607589
10.000000 0.501514 0.125858 0.627372
10.100000 0.501464 0.147416 0.648881
10.200000 0.501454 0.169822 0.671276
10.300000 0.501423 0.192183 0.693605
10.400000 0.501484 0.213605 0.715089
10.500000 0.501630 0.233235 0.734865
10.600000 0.501716 0.250296 0.752011
10.700000 0.501799 0.264107 0.765906
10.800000 0.501924 0.274121 0.776045
10.900000 0.502062 0.279948 0.782010
11.000000 0.502175 0.281365 0.783540
11.100000 0.502200 0.278339 0.780539
11.200000 0.502123 0.271012 0.773135
11.300000 0.501950 0.259684 0.761634
11.400000 0.501739 0.244800 0.746540
11.500000 0.501449 0.226936 0.728385
11.600000 0.501188 0.206773 0.707962
11.700000 0.500981 0.185095 0.686076
11.800000 0.500831 0.162746 0.663577
11.900000 0.500770 0.140609 0.641379
12.000000 0.500762 0.119561 0.620323
12.100000 0.500739 0.100435 0.601174
12.200000 0.500842 0.083983 0.584824
12.300000 0.500900 0.070842 0.571741
12.400000 0.500979 0.061516 0.562495
12.500000 0.501118 0.056345 0.557463
12.600000 0.501268 0.055508 0.556776
12.700000 0.501397 0.059022 0.560420
12.800000 0.501481 0.066738 0.568218
12.900000 0.501516 0.078340 0.579856
13.000000 0.501354 0.093348 0.594702
13.100000 0.501189 0.111116 0.612305
13.200000 0.501078 0.130886 0.631964
13.300000 0.500971 0.151830 0.652801
13.400000 0.500919 0.173094 0.674013
13.500000 0.501072 0.193817 0.694889
13.600000 0.501284 0.213164 0.714448
13.700000 0.501535 0.230357 0.731893
13.800000 0.501880 0.244713 0.746592
13.900000 0.502284 0.255663 0.757947
14.000000 0.502596 0.262783 0.765379
14.100000 0.502874 0.265806 0.768680
14.200000 0.503096 0.264615 0.767710
14.300000 0.503240 0.259263 0.762503
14.400000 0.503292 0.249960 0.753252
14.500000 0.503336 0.237075 0.740411
14.600000 0.503294 0.221118 0.724412
14.700000 0.503231 0.202728 0.705959
14.800000 0.503154 0.182643 0.685797
14.900000 0.503028 0.161668 0.664695
15.000000 0.502833 0.140634 0.643468
15.100000 0.502667 0.120375 0.623042
15.200000 0.502506 0.101676 0.604182
15.300000 0.502450 0.085263 0.587713
15.400000 0.502441 0.071772 0.574214
15.500000 0.502540 0.061728 0.564268
15.600000 0.502737 0.055528 0.558265
15.700000 0.502998 0.053421 0.556419
15.800000 0.503317 0.055487 0.558804
15.900000 0.503657 0.061648 0.565304
16.000000 0.503975 0.071666 0.575642
16.100000 0.504192 0.085158 0.589350
16.200000 0.504351 0.101591 0.605942
16.300000 0.504340 0.120309 0.624649
16.400000 0.504181 0.140561 0.644742
16.500000 0.503947 0.161534 0.665481
16.600000 0.503577 0.182389 0.685966
16.700000 0.503239 0.202291 0.705531
16.800000 0.502840 0.220439 0.723279
16.900000 0.502401 0.236098 0.738499
17.000000 0.502032 0.248639 0.750670
17.100000 0.501661 0.257557 0.759218
17.200000 0.501376 0.262499 0.763875
17.300000 0.501154 0.263277 0.764431
17.400000 0.501027 0.259870 0.760898
17.500000 0.500954 0.252420 0.753374
17.600000 0.500912 0.241224 0.742136
17.700000 0.500921 0.226737 0.727658
17.800000 0.500972 0.209551 0.710523
17.900000 0.501036 0.190360 0.691396
18.000000 0.500998 0.169937 0.670935
18.100000 0.500932 0.149090 0.650022
18.200000 0.500847 0.128639 0.629486
18.300000 0.500785 0.109388 0.610174
18.400000 0.500686 0.092092 0.592778
18.500000 0.500627 0.077430 0.578057
18.600000 0.500558 0.065975 0.566534
18.700000 0.500556 0.058174 0.558730
18.800000 0.500598 0.054324 0.554921
18.900000 0.500639 0.054568 0.555208
19.000000 0.500712 0.058885 0.559598
19.100000 0.500844 0.067092 0.567936
19.200000 0.500965 0.078855 0.579820
19.300000 0.501128 0.093698 0.594826
19.400000 0.501257 0.111029 0.612286
19.500000 0.501429 0.130152 0.631581
19.600000 0.501505 0.150307 0.651812
19.700000 0.501540 0.170691 0.672230
19.800000 0.501573 0.190488 0.692061
19.900000 0.501554 0.208903 0.710458
20.000000 0.501470 0.225194 0.726664
