0.100000 0.508518 0.059896 0.568414
0.200000 0.507934 0.067832 0.575766
0.300000 0.507319 0.078217 0.585536
0.400000 0.506752 0.088681 0.595434
0.500000 0.506249 0.096849 0.603098
0.600000 0.505857 0.100909 0.606767
0.700000 0.505628 0.100057 0.605685
0.800000 0.505664 0.094642 0.600306
0.900000 0.505779 0.086045 0.591824
1.000000 0.505947 0.076309 0.582256
1.100000 0.506114 0.067645 0.573760
1.200000 0.506205 0.061925 0.568131
1.300000 0.506093 0.060271 0.566363
1.400000 0.505919 0.062820 0.568739
1.500000 0.505625 0.068719 0.574344
1.600000 0.505147 0.076317 0.581464
1.700000 0.504606 0.083573 0.588179
1.800000 0.503968 0.088533 0.592500
1.900000 0.503253 0.089808 0.593061
2.000000 0.502705 0.086939 0.589644
2.100000 0.502243 0.080550 0.582793
2.200000 0.501956 0.072242 0.574198
2.300000 0.501966 0.064208 0.566174
2.400000 0.502160 0.058668 0.560828
2.500000 0.502514 0.057278 0.559792
2.600000 0.503036 0.060675 0.563711
2.700000 0.503632 0.068285 0.571916
2.800000 0.504376 0.078457 0.582834
2.900000 0.505062 0.088882 0.593944
3.000000 0.505816 0.097175 0.602991
3.100000 0.506505 0.101460 0.607964
3.200000 0.507168 0.100804 0.607971
3.300000 0.507684 0.095409 0.603093
3.400000 0.508163 0.086516 0.594679
3.500000 0.508515 0.076087 0.584602
3.600000 0.508631 0.066326 0.574956
3.700000 0.508563 0.059183 0.567746
3.800000 0.508392 0.055924 0.564316
3.900000 0.507967 0.056872 0.564838
4.000000 0.507366 0.061359 0.568725
4.100000 0.506668 0.067905 0.574573
4.200000 0.505857 0.074571 0.580428
4.300000 0.505115 0.079440 0.584555
4.400000 0.504449 0.081090 0.585539
4.500000 0.503799 0.078984 0.582783
4.600000 0.503301 0.073638 0.576939
4.700000 0.502866 0.066532 0.569398
4.800000 0.502425 0.059753 0.562177
4.900000 0.501951 0.055458 0.557409
5.000000 0.501422 0.055285 0.556707
5.100000 0.500920 0.059887 0.560807
5.200000 0.500458 0.068727 0.569184
5.300000 0.500057 0.080177 0.580233
5.400000 0.499766 0.091916 0.591681
5.500000 0.499651 0.101499 0.601151
5.600000 0.499706 0.106946 0.606652
5.700000 0.500009 0.107186 0.607194
5.800000 0.500440 0.102281 0.602721
5.900000 0.501060 0.093361 0.594422
6.000000 0.501616 0.082335 0.583951
6.100000 0.502171 0.071423 0.573593
6.200000 0.502579 0.062667 0.565247
6.300000 0.502813 0.057496 0.560309
6.400000 0.502818 0.056441 0.559259
6.500000 0.502611 0.059068 0.561679
6.600000 0.502217 0.064108 0.566325
6.700000 0.501660 0.069796 0.571456
6.800000 0.501105 0.074305 0.575410
6.900000 0.500459 0.076213 0.576671
7.000000 0.499895 0.074870 0.574765
7.100000 0.499479 0.070599 0.570078
7.200000 0.499207 0.064633 0.563840
7.300000 0.499086 0.058823 0.557908
7.400000 0.499127 0.055146 0.554272
7.500000 0.499315 0.055171 0.554486
7.600000 0.499654 0.059595 0.559249
7.700000 0.500119 0.068010 0.568129
7.800000 0.500721 0.078965 0.579686
7.900000 0.501445 0.090309 0.591753
8.000000 0.502286 0.099717 0.602003
8.100000 0.503185 0.105249 0.608434
8.200000 0.504061 0.105799 0.609859
8.300000 0.504917 0.101316 0.606233
8.400000 0.505588 0.092788 0.598377
8.500000 0.506112 0.081976 0.588089
8.600000 0.506478 0.070998 0.577476
8.700000 0.506549 0.061860 0.568409
8.800000 0.506399 0.056025 0.562423
8.900000 0.506067 0.054134 0.560201
9.000000 0.505546 0.055904 0.561450
9.100000 0.504876 0.060234 0.565111
9.200000 0.504116 0.065499 0.569615
9.300000 0.503297 0.069949 0.573247
9.400000 0.502468 0.072161 0.574629
9.500000 0.501642 0.071404 0.573046
9.600000 0.500949 0.067865 0.568814
9.700000 0.500344 0.062620 0.562964
9.800000 0.499814 0.057380 0.557194
9.900000 0.499512 0.054044 0.553556
10.000000 0.499361 0.054176 0.553538
10.100000 0.499413 0.058546 0.557959
10.200000 0.499579 0.066874 0.566453
10.300000 0.499929 0.077854 0.577783
10.400000 0.500364 0.089443 0.589807
10.500000 0.500916 0.099349 0.600265
10.600000 0.501479 0.105587 0.607066
10.700000 0.502123 0.106932 0.609055
10.800000 0.502760 0.103185 0.605945
10.900000 0.503285 0.095177 0.598462
11.000000 0.503708 0.084543 0.588251
11.100000 0.503900 0.073336 0.577236
11.200000 0.503940 0.063567 0.567507
11.300000 0.503756 0.056782 0.560538
11.400000 0.503394 0.053765 0.557158
11.500000 0.502883 0.054406 0.557289
11.600000 0.502278 0.057777 0.560055
11.700000 0.501522 0.062385 0.563907
11.800000 0.500731 0.066548 0.567279
11.900000 0.499974 0.068840 0.568814
12.000000 0.499268 0.068474 0.567742
12.100000 0.498724 0.065517 0.564241
12.200000 0.498271 0.060901 0.559172
12.300000 0.497979 0.056193 0.554172
12.400000 0.497788 0.053198 0.550986
12.500000 0.497787 0.053449 0.551236
12.600000 0.497960 0.057758 0.555718
12.700000 0.498265 0.065950 0.564215
12.800000 0.498710 0.076842 0.575552
12.900000 0.499123 0.088514 0.587637
13.000000 0.499659 0.098740 0.598399
13.100000 0.500233 0.105508 0.605740
13.200000 0.500845 0.107490 0.608335
13.300000 0.501527 0.104343 0.605870
13.400000 0.502238 0.096752 0.598990
13.500000 0.502892 0.086227 0.589118
13.600000 0.503608 0.074746 0.578354
13.700000 0.504093 0.064320 0.568413
13.800000 0.504474 0.056557 0.561031
13.900000 0.504675 0.052365 0.557040
14.000000 0.504696 0.051794 0.556490
14.100000 0.504540 0.054088 0.558627
14.200000 0.504232 0.057905 0.562137
14.300000 0.503770 0.061672 0.565443
14.400000 0.503205 0.063991 0.567196
14.500000 0.502549 0.064014 0.566563
14.600000 0.501776 0.061679 0.563455
14.700000 0.501011 0.057759 0.558770
14.800000 0.500259 0.053673 0.553932
14.900000 0.499566 0.051116 0.550682
15.000000 0.498944 0.051578 0.550522
15.100000 0.498574 0.055906 0.554480
15.200000 0.498334 0.064014 0.562348
15.300000 0.498338 0.074834 0.573172
15.400000 0.498528 0.086540 0.585068
15.500000 0.498947 0.096970 0.595917
15.600000 0.499582 0.104128 0.603710
15.700000 0.500446 0.106647 0.607093
15.800000 0.501305 0.104100 0.605405
15.900000 0.502154 0.097045 0.599199
16.000000 0.502951 0.086892 0.589843
16.100000 0.503604 0.075555 0.579159
16.200000 0.504042 0.065035 0.569076
16.300000 0.504149 0.056993 0.561142
16.400000 0.503909 0.052431 0.556341
16.500000 0.503396 0.051517 0.554913
16.600000 0.502626 0.053601 0.556227
16.700000 0.501694 0.057416 0.559110
16.800000 0.500662 0.061410 0.562072
16.900000 0.499662 0.064145 0.563806
17.000000 0.498720 0.064675 0.563396
17.100000 0.497873 0.062810 0.560682
17.200000 0.497217 0.059185 0.556402
17.300000 0.496689 0.055114 0.551803
17.400000 0.496437 0.052245 0.548682
17.500000 0.496371 0.052104 0.548475
17.600000 0.496487 0.055646 0.552133
17.700000 0.496746 0.062944 0.559690
17.800000 0.497123 0.073107 0.570230
17.900000 0.497622 0.084459 0.582081
18.000000 0.498212 0.094919 0.593131
18.100000 0.498804 0.102492 0.601297
18.200000 0.499301 0.105740 0.605041
18.300000 0.499733 0.104085 0.603819
18.400000 0.500121 0.097924 0.598045
18.500000 0.500382 0.088513 0.588895
18.600000 0.500546 0.077658 0.578204
18.700000 0.500538 0.067318 0.567856
18.800000 0.500340 0.059181 0.559521
18.900000 0.500076 0.054322 0.554399
19.000000 0.499671 0.053022 0.552692
19.100000 0.499156 0.054746 0.553902
19.200000 0.498534 0.058319 0.556853
19.300000 0.497811 0.062231 0.560042
19.400000 0.497181 0.065030 0.562211
19.500000 0.496524 0.065712 0.562236
19.600000 0.495956 0.063995 0.559951
19.700000 0.495423 0.060420 0.555843
19.800000 0.495033 0.056238 0.551271
19.900000 0.494786 0.053084 0.547870
20.000000 0.494669 0.052530 0.547199
