0.100000 0.508536 0.060087 0.568623
0.200000 0.508006 0.067509 0.575515
0.300000 0.507465 0.075425 0.582890
0.400000 0.506972 0.080563 0.587535
0.500000 0.506499 0.080899 0.587398
0.600000 0.506054 0.076534 0.582588
0.700000 0.505646 0.069583 0.575229
0.800000 0.505258 0.063151 0.568410
0.900000 0.504824 0.059933 0.564757
1.000000 0.504300 0.061041 0.565341
1.100000 0.503683 0.065561 0.569245
1.200000 0.503029 0.071021 0.574050
1.300000 0.502315 0.074551 0.576866
1.400000 0.501768 0.074255 0.576023
1.500000 0.501410 0.070159 0.571568
1.600000 0.501147 0.064258 0.565405
1.700000 0.501028 0.059602 0.560630
1.800000 0.501062 0.058795 0.559857
1.900000 0.501207 0.062663 0.563870
2.000000 0.501519 0.069771 0.571291
2.100000 0.502016 0.077082 0.579098
2.200000 0.502636 0.081384 0.584020
2.300000 0.503487 0.080780 0.584267
2.400000 0.504432 0.075509 0.579941
2.500000 0.505332 0.067764 0.573097
2.600000 0.506153 0.060660 0.566813
2.700000 0.506749 0.056840 0.563589
2.800000 0.507085 0.057357 0.564442
2.900000 0.507125 0.061275 0.568400
3.000000 0.506960 0.066158 0.573118
3.100000 0.506572 0.069233 0.575805
3.200000 0.506091 0.068722 0.574812
3.300000 0.505575 0.064737 0.570313
3.400000 0.505135 0.059291 0.564426
3.500000 0.504710 0.055346 0.560056
3.600000 0.504395 0.055341 0.559736
3.700000 0.504199 0.059919 0.564118
3.800000 0.504204 0.067523 0.571727
3.900000 0.504281 0.075090 0.579371
4.000000 0.504444 0.079474 0.583918
4.100000 0.504735 0.078887 0.583622
4.200000 0.505062 0.073666 0.578728
4.300000 0.505375 0.066042 0.571417
4.400000 0.505515 0.059099 0.564614
4.500000 0.505520 0.055404 0.560923
4.600000 0.505360 0.055936 0.561295
4.700000 0.504996 0.059741 0.564737
4.800000 0.504385 0.064443 0.568828
4.900000 0.503569 0.067393 0.570961
5.000000 0.502650 0.066954 0.569604
5.100000 0.501718 0.063334 0.565052
5.200000 0.500839 0.058552 0.559390
5.300000 0.500102 0.055458 0.555559
5.400000 0.499464 0.056305 0.555769
5.500000 0.499069 0.061549 0.560618
5.600000 0.498874 0.069511 0.568384
5.700000 0.498921 0.077111 0.576032
5.800000 0.499204 0.081291 0.580495
5.900000 0.499655 0.080403 0.580058
6.000000 0.500203 0.074904 0.575107
6.100000 0.500717 0.067084 0.567801
6.200000 0.501126 0.060002 0.561128
6.300000 0.501305 0.056153 0.557459
6.400000 0.501236 0.056445 0.557681
6.500000 0.500970 0.059893 0.560863
6.600000 0.500534 0.064157 0.564691
6.700000 0.500033 0.066690 0.566723
6.800000 0.499593 0.065974 0.565567
6.900000 0.499206 0.062295 0.561501
7.000000 0.498953 0.057643 0.556596
7.100000 0.498906 0.054749 0.553656
7.200000 0.498996 0.055698 0.554693
7.300000 0.499316 0.060802 0.560118
7.400000 0.499772 0.068359 0.568131
7.500000 0.500390 0.075385 0.575775
7.600000 0.501138 0.078994 0.580132
7.700000 0.501922 0.077704 0.579626
7.800000 0.502658 0.072070 0.574727
7.900000 0.503308 0.064367 0.567675
8.000000 0.503796 0.057557 0.561352
8.100000 0.504012 0.053996 0.558007
8.200000 0.503985 0.054472 0.558457
8.300000 0.503739 0.057948 0.561687
8.400000 0.503236 0.062117 0.565353
8.500000 0.502626 0.064526 0.567152
8.600000 0.502008 0.063755 0.565763
8.700000 0.501369 0.060151 0.561520
8.800000 0.500842 0.055690 0.556532
8.900000 0.500517 0.053023 0.553540
9.000000 0.500327 0.054127 0.554454
9.100000 0.500325 0.059236 0.559562
9.200000 0.500491 0.066629 0.567120
9.300000 0.500832 0.073391 0.574223
9.400000 0.501259 0.076756 0.578015
9.500000 0.501754 0.075369 0.577123
9.600000 0.502288 0.069855 0.572144
9.700000 0.502654 0.062488 0.565142
9.800000 0.502825 0.056139 0.558964
9.900000 0.502862 0.053028 0.555890
10.000000 0.502698 0.053808 0.556506
10.100000 0.502428 0.057364 0.559792
10.200000 0.502040 0.061394 0.563434
10.300000 0.501621 0.063524 0.565145
10.400000 0.501279 0.062460 0.563739
10.500000 0.500917 0.058663 0.559580
10.600000 0.500617 0.054168 0.554785
10.700000 0.500388 0.051609 0.551998
10.800000 0.500276 0.052884 0.553159
10.900000 0.500209 0.058132 0.558340
11.000000 0.500247 0.065568 0.565815
11.100000 0.500325 0.072275 0.572600
11.200000 0.500451 0.075551 0.576002
11.300000 0.500595 0.074122 0.574716
11.400000 0.500757 0.068674 0.569431
11.500000 0.500868 0.061481 0.562349
11.600000 0.500911 0.055355 0.556266
11.700000 0.500734 0.052435 0.553168
11.800000 0.500372 0.053301 0.553672
11.900000 0.499856 0.056816 0.556672
12.000000 0.499216 0.060729 0.559945
12.100000 0.498528 0.062765 0.561293
12.200000 0.497870 0.061740 0.559610
12.300000 0.497290 0.058169 0.555459
12.400000 0.496815 0.054050 0.550865
12.500000 0.496550 0.051897 0.548447
12.600000 0.496516 0.053440 0.549956
12.700000 0.496670 0.058691 0.555361
12.800000 0.497070 0.065835 0.562906
12.900000 0.497548 0.072048 0.569596
13.000000 0.498186 0.074777 0.572964
13.100000 0.498865 0.072891 0.571756
13.200000 0.499629 0.067152 0.566782
13.300000 0.500309 0.059834 0.560142
13.400000 0.500922 0.053678 0.554601
13.500000 0.501426 0.050714 0.552140
13.600000 0.501778 0.051425 0.553203
13.700000 0.501934 0.054638 0.556572
13.800000 0.501932 0.058126 0.560058
13.900000 0.501873 0.059699 0.561572
14.000000 0.501768 0.058271 0.560039
14.100000 0.501648 0.054428 0.556076
14.200000 0.501573 0.050175 0.551748
14.300000 0.501505 0.047969 0.549474
14.400000 0.501525 0.049457 0.550982
14.500000 0.501577 0.054584 0.556161
14.600000 0.501669 0.061532 0.563201
14.700000 0.501750 0.067538 0.569288
14.800000 0.501897 0.070165 0.572062
14.900000 0.502027 0.068402 0.570429
15.000000 0.502103 0.063079 0.565182
15.100000 0.502151 0.056441 0.558592
15.200000 0.502103 0.051121 0.553224
15.300000 0.501869 0.049002 0.550871
15.400000 0.501558 0.050439 0.551998
15.500000 0.501093 0.054180 0.555273
15.600000 0.500536 0.057991 0.558527
15.700000 0.499961 0.059732 0.559693
15.800000 0.499359 0.058395 0.557754
15.900000 0.498825 0.054625 0.553450
16.000000 0.498385 0.050453 0.548838
16.100000 0.498090 0.048300 0.546390
16.200000 0.497901 0.049749 0.547649
16.300000 0.497781 0.054696 0.552477
16.400000 0.497806 0.061331 0.559137
16.500000 0.497927 0.066957 0.564884
16.600000 0.498180 0.069249 0.567430
16.700000 0.498400 0.067317 0.565717
16.800000 0.498605 0.062067 0.560672
16.900000 0.498690 0.055750 0.554440
17.000000 0.498610 0.050933 0.549543
17.100000 0.498351 0.049380 0.547730
17.200000 0.497925 0.051316 0.549241
17.300000 0.497344 0.055390 0.552735
17.400000 0.496729 0.059330 0.556058
17.500000 0.496095 0.061013 0.557108
17.600000 0.495539 0.059495 0.555034
17.700000 0.495132 0.055497 0.550629
17.800000 0.494841 0.051093 0.545934
17.900000 0.494733 0.048711 0.543444
18.000000 0.494735 0.049900 0.544636
18.100000 0.494879 0.054524 0.549403
18.200000 0.495173 0.060764 0.555937
18.300000 0.495518 0.065967 0.561485
18.400000 0.495977 0.067890 0.563868
18.500000 0.496437 0.065737 0.562175
18.600000 0.496839 0.060476 0.557315
18.700000 0.497136 0.054362 0.551498
18.800000 0.497260 0.049905 0.547165
18.900000 0.497212 0.048763 0.545975
19.000000 0.496976 0.051051 0.548027
19.100000 0.496606 0.055328 0.551934
19.200000 0.496108 0.059282 0.555389
19.300000 0.495569 0.060817 0.556387
19.400000 0.495091 0.059063 0.554154
19.500000 0.494685 0.054822 0.549507
19.600000 0.494426 0.050227 0.544653
19.700000 0.494366 0.047716 0.542081
19.800000 0.494353 0.048809 0.543162
19.900000 0.494477 0.053315 0.547792
20.000000 0.494727 0.059374 0.554100
