0.100000 0.508490 0.059454 0.567945
0.200000 0.507817 0.066674 0.574491
0.300000 0.507046 0.075531 0.582577
0.400000 0.506242 0.083157 0.589399
0.500000 0.505395 0.087115 0.592510
0.600000 0.504629 0.086216 0.590845
0.700000 0.503949 0.080922 0.584871
0.800000 0.503450 0.073145 0.576595
0.900000 0.503056 0.065568 0.568624
1.000000 0.502717 0.060718 0.563435
1.100000 0.502464 0.060111 0.562575
1.200000 0.502205 0.063761 0.565967
1.300000 0.501933 0.070199 0.572133
1.400000 0.501774 0.076996 0.578771
1.500000 0.501636 0.081607 0.583243
1.600000 0.501492 0.082274 0.583766
1.700000 0.501380 0.078665 0.580046
1.800000 0.501252 0.072019 0.573271
1.900000 0.501178 0.064723 0.565901
2.000000 0.501169 0.059463 0.560632
2.100000 0.501258 0.058260 0.559518
2.200000 0.501401 0.061730 0.563131
2.300000 0.501759 0.068831 0.570590
2.400000 0.502233 0.077217 0.579449
2.500000 0.502846 0.084045 0.586891
2.600000 0.503553 0.086980 0.590533
2.700000 0.504300 0.084983 0.589283
2.800000 0.504994 0.078659 0.583652
2.900000 0.505567 0.070017 0.575584
3.000000 0.506036 0.061775 0.567810
3.100000 0.506290 0.056429 0.562719
3.200000 0.506309 0.055434 0.561743
3.300000 0.506137 0.058741 0.564877
3.400000 0.505873 0.064839 0.570712
3.500000 0.505454 0.071306 0.576760
3.600000 0.504928 0.075651 0.580578
3.700000 0.504414 0.076202 0.580615
3.800000 0.503971 0.072709 0.576680
3.900000 0.503541 0.066455 0.569996
4.000000 0.503146 0.059821 0.562967
4.100000 0.502835 0.055433 0.558268
4.200000 0.502600 0.055198 0.557797
4.300000 0.502467 0.059595 0.562061
4.400000 0.502383 0.067460 0.569842
4.500000 0.502325 0.076375 0.578699
4.600000 0.502436 0.083505 0.585942
4.700000 0.502562 0.086578 0.589139
4.800000 0.502567 0.084648 0.587215
4.900000 0.502494 0.078393 0.580887
5.000000 0.502265 0.069852 0.572117
5.100000 0.501896 0.061716 0.563612
5.200000 0.501430 0.056431 0.557861
5.300000 0.500874 0.055390 0.556264
5.400000 0.500216 0.058505 0.558721
5.500000 0.499590 0.064278 0.563868
5.600000 0.498960 0.070343 0.569303
5.700000 0.498458 0.074308 0.572767
5.800000 0.498037 0.074622 0.572659
5.900000 0.497731 0.071137 0.568868
6.000000 0.497540 0.065192 0.562732
6.100000 0.497469 0.059143 0.556612
6.200000 0.497475 0.055521 0.552996
6.300000 0.497500 0.056092 0.553592
6.400000 0.497538 0.061185 0.558723
6.500000 0.497600 0.069523 0.567122
6.600000 0.497680 0.078634 0.576314
6.700000 0.497807 0.085697 0.583504
6.800000 0.498034 0.088505 0.586538
6.900000 0.498267 0.086199 0.584466
7.000000 0.498553 0.079527 0.578080
7.100000 0.498839 0.070568 0.569406
7.200000 0.499122 0.062005 0.561127
7.300000 0.499443 0.056242 0.555685
7.400000 0.499668 0.054631 0.554299
7.500000 0.499830 0.057067 0.556898
7.600000 0.499944 0.062081 0.562026
7.700000 0.500012 0.067388 0.567400
7.800000 0.500053 0.070711 0.570764
7.900000 0.500056 0.070608 0.570663
8.000000 0.500089 0.067005 0.567094
8.100000 0.500128 0.061254 0.561382
8.200000 0.500158 0.055652 0.555810
8.300000 0.500258 0.052609 0.552867
8.400000 0.500271 0.053747 0.554018
8.500000 0.500293 0.059269 0.559561
8.600000 0.500361 0.067819 0.568179
8.700000 0.500366 0.076924 0.577290
8.800000 0.500364 0.083820 0.584184
8.900000 0.500394 0.086394 0.586788
9.000000 0.500360 0.083888 0.584248
9.100000 0.500374 0.077121 0.577495
9.200000 0.500313 0.068197 0.568510
9.300000 0.500219 0.059779 0.559998
9.400000 0.500034 0.054212 0.554246
9.500000 0.499776 0.052767 0.552543
9.600000 0.499471 0.055275 0.554746
9.700000 0.499127 0.060239 0.559367
9.800000 0.498791 0.065394 0.564185
9.900000 0.498486 0.068532 0.567018
10.000000 0.498268 0.068306 0.566574
10.100000 0.498189 0.064735 0.562923
10.200000 0.498118 0.059222 0.557340
10.300000 0.498134 0.054060 0.552194
10.400000 0.498164 0.051595 0.549759
10.500000 0.498255 0.053335 0.551590
10.600000 0.498368 0.059354 0.557722
10.700000 0.498484 0.068201 0.566685
10.800000 0.498604 0.077360 0.575964
10.900000 0.498741 0.084098 0.582839
11.000000 0.498884 0.086379 0.585264
11.100000 0.498932 0.083537 0.582469
11.200000 0.498912 0.076476 0.575387
11.300000 0.498776 0.067334 0.566110
11.400000 0.498550 0.058766 0.557316
11.500000 0.498252 0.053070 0.551321
11.600000 0.497867 0.051460 0.549327
11.700000 0.497374 0.053731 0.551106
11.800000 0.496872 0.058385 0.555258
11.900000 0.496337 0.063211 0.559548
12.000000 0.495821 0.066100 0.561920
12.100000 0.495361 0.065817 0.561178
12.200000 0.495043 0.062464 0.557507
12.300000 0.494749 0.057456 0.552205
12.400000 0.494550 0.053019 0.547569
12.500000 0.494440 0.051362 0.545802
12.600000 0.494511 0.053826 0.548337
12.700000 0.494692 0.060341 0.555033
12.800000 0.495001 0.069377 0.564378
12.900000 0.495354 0.078428 0.573782
13.000000 0.495720 0.084833 0.580553
13.100000 0.496169 0.086653 0.582823
13.200000 0.496591 0.083318 0.579908
13.300000 0.497085 0.075797 0.572882
13.400000 0.497588 0.066254 0.563842
13.500000 0.498051 0.057321 0.555372
13.600000 0.498481 0.051238 0.549719
13.700000 0.498761 0.049164 0.547925
13.800000 0.498950 0.050862 0.549812
13.900000 0.499044 0.054862 0.553905
14.000000 0.499051 0.059033 0.558084
14.100000 0.498984 0.061379 0.560364
14.200000 0.498890 0.060778 0.559668
14.300000 0.498699 0.057409 0.556108
14.400000 0.498470 0.052704 0.551174
14.500000 0.498174 0.048833 0.547007
14.600000 0.497756 0.047887 0.545643
14.700000 0.497369 0.051072 0.548441
14.800000 0.496997 0.058192 0.555189
14.900000 0.496686 0.067639 0.564325
15.000000 0.496394 0.076883 0.573276
15.100000 0.496260 0.083303 0.579563
15.200000 0.496204 0.085058 0.581262
15.300000 0.496263 0.081679 0.577942
15.400000 0.496413 0.074199 0.570612
15.500000 0.496609 0.064789 0.561397
15.600000 0.496864 0.056030 0.552895
15.700000 0.497046 0.050097 0.547143
15.800000 0.497253 0.048084 0.545336
15.900000 0.497383 0.049719 0.547101
16.000000 0.497452 0.053551 0.551003
16.100000 0.497425 0.057510 0.554935
16.200000 0.497227 0.059691 0.556918
16.300000 0.496907 0.059055 0.555962
16.400000 0.496545 0.055834 0.552379
16.500000 0.496045 0.051466 0.547511
16.600000 0.495505 0.048064 0.543569
16.700000 0.494962 0.047631 0.542593
16.800000 0.494452 0.051261 0.545713
16.900000 0.494014 0.058665 0.552679
17.000000 0.493684 0.068180 0.561863
17.100000 0.493481 0.077282 0.570763
17.200000 0.493393 0.083413 0.576806
17.300000 0.493452 0.084824 0.578275
17.400000 0.493607 0.081145 0.574752
17.500000 0.493899 0.073480 0.567379
17.600000 0.494175 0.064031 0.558206
17.700000 0.494467 0.055369 0.549836
17.800000 0.494660 0.049617 0.544277
17.900000 0.494777 0.047808 0.542584
18.000000 0.494747 0.049616 0.544363
18.100000 0.494490 0.053552 0.548042
18.200000 0.494112 0.057541 0.551654
18.300000 0.493602 0.059707 0.553310
18.400000 0.493028 0.059064 0.552092
18.500000 0.492497 0.055896 0.548393
18.600000 0.491978 0.051669 0.543647
18.700000 0.491562 0.048489 0.540052
18.800000 0.491211 0.048309 0.539520
18.900000 0.490991 0.052152 0.543143
19.000000 0.490950 0.059657 0.550607
19.100000 0.491052 0.069117 0.560169
19.200000 0.491198 0.078007 0.569205
19.300000 0.491397 0.083808 0.575206
19.400000 0.491601 0.084846 0.576447
19.500000 0.491829 0.080835 0.572665
19.600000 0.492084 0.072953 0.565037
19.700000 0.492309 0.063437 0.555745
19.800000 0.492486 0.054846 0.547332
19.900000 0.492610 0.049248 0.541857
20.000000 0.492651 0.047587 0.540238
