0.100000 0.508490 0.059312 0.567802
0.200000 0.507810 0.064805 0.572615
0.300000 0.507001 0.068206 0.575208
0.400000 0.506127 0.066901 0.573029
0.500000 0.505175 0.062423 0.567598
0.600000 0.504153 0.058992 0.563145
0.700000 0.503200 0.059697 0.562897
0.800000 0.502384 0.063749 0.566133
0.900000 0.501685 0.067304 0.568989
1.000000 0.501132 0.067058 0.568190
1.100000 0.500780 0.063344 0.564124
1.200000 0.500576 0.059846 0.560421
1.300000 0.500517 0.060175 0.560692
1.400000 0.500650 0.064432 0.565082
1.500000 0.500902 0.069018 0.569920
1.600000 0.501182 0.069870 0.571052
1.700000 0.501449 0.066142 0.567591
1.800000 0.501605 0.060935 0.562540
1.900000 0.501720 0.058487 0.560207
2.000000 0.501752 0.060378 0.562130
2.100000 0.501766 0.064220 0.565986
2.200000 0.501785 0.065954 0.567739
2.300000 0.501886 0.063644 0.565530
2.400000 0.502142 0.059304 0.561446
2.500000 0.502519 0.057030 0.559549
2.600000 0.503002 0.059141 0.562144
2.700000 0.503541 0.063913 0.567453
2.800000 0.504179 0.067060 0.571239
2.900000 0.504720 0.065610 0.570330
3.000000 0.505196 0.060576 0.565772
3.100000 0.505464 0.056018 0.561482
3.200000 0.505533 0.055398 0.560932
3.300000 0.505416 0.058552 0.563968
3.400000 0.505200 0.061976 0.567176
3.500000 0.504844 0.062152 0.566996
3.600000 0.504464 0.058844 0.563308
3.700000 0.504104 0.055343 0.559447
3.800000 0.503831 0.055372 0.559204
3.900000 0.503595 0.059523 0.563118
4.000000 0.503382 0.064547 0.567929
4.100000 0.503195 0.066230 0.569425
4.200000 0.503096 0.063160 0.566256
4.300000 0.503016 0.057962 0.560978
4.400000 0.502918 0.054899 0.557817
4.500000 0.502775 0.056089 0.558865
4.600000 0.502600 0.059733 0.562333
4.700000 0.502472 0.061932 0.564404
4.800000 0.502193 0.060394 0.562587
4.900000 0.501835 0.056627 0.558461
5.000000 0.501388 0.054555 0.555943
5.100000 0.500892 0.056806 0.557699
5.200000 0.500385 0.062116 0.562501
5.300000 0.499934 0.066317 0.566251
5.400000 0.499476 0.066031 0.565507
5.500000 0.499114 0.061669 0.560783
5.600000 0.498725 0.056999 0.555724
5.700000 0.498411 0.055754 0.554165
5.800000 0.498109 0.058383 0.556492
5.900000 0.497814 0.061824 0.559638
6.000000 0.497578 0.062478 0.560055
6.100000 0.497440 0.059620 0.557060
6.200000 0.497346 0.056125 0.553470
6.300000 0.497345 0.055763 0.553107
6.400000 0.497406 0.059574 0.556980
6.500000 0.497477 0.064725 0.562203
6.600000 0.497589 0.066949 0.564538
6.700000 0.497725 0.064350 0.562075
6.800000 0.497911 0.059059 0.556971
6.900000 0.498054 0.055298 0.553353
7.000000 0.498201 0.055637 0.553838
7.100000 0.498298 0.058844 0.557143
7.200000 0.498360 0.061212 0.559572
7.300000 0.498466 0.060093 0.558559
7.400000 0.498596 0.056432 0.555029
7.500000 0.498730 0.053891 0.552620
7.600000 0.498980 0.055365 0.554346
7.700000 0.499279 0.060132 0.559411
7.800000 0.499611 0.064325 0.563935
7.900000 0.499902 0.064345 0.564247
8.000000 0.500241 0.060068 0.560310
8.100000 0.500436 0.054918 0.555354
8.200000 0.500581 0.052811 0.553392
8.300000 0.500597 0.054738 0.555335
8.400000 0.500479 0.058074 0.558553
8.500000 0.500313 0.059159 0.559473
8.600000 0.500126 0.056775 0.556901
8.700000 0.499874 0.053326 0.553199
8.800000 0.499605 0.052562 0.552167
8.900000 0.499458 0.055973 0.555431
9.000000 0.499325 0.061206 0.560531
9.100000 0.499221 0.064045 0.563266
9.200000 0.499103 0.062157 0.561261
9.300000 0.499008 0.057152 0.556159
9.400000 0.498834 0.053105 0.551938
9.500000 0.498625 0.052949 0.551574
9.600000 0.498407 0.055981 0.554389
9.700000 0.498094 0.058709 0.556803
9.800000 0.497890 0.058204 0.556094
9.900000 0.497688 0.054895 0.552583
10.000000 0.497611 0.052192 0.549803
10.100000 0.497652 0.053245 0.550897
10.200000 0.497742 0.057849 0.555591
10.300000 0.497932 0.062428 0.560360
10.400000 0.498075 0.063162 0.561236
10.500000 0.498213 0.059368 0.557581
10.600000 0.498301 0.054086 0.552387
10.700000 0.498286 0.051346 0.549632
10.800000 0.498190 0.052661 0.550851
10.900000 0.498047 0.055878 0.553925
11.000000 0.497852 0.057361 0.555213
11.100000 0.497597 0.055482 0.553079
11.200000 0.497324 0.052201 0.549525
11.300000 0.497001 0.051216 0.548217
11.400000 0.496736 0.054389 0.551124
11.500000 0.496541 0.059787 0.556328
11.600000 0.496405 0.063239 0.559644
11.700000 0.496259 0.061992 0.558251
11.800000 0.496083 0.057124 0.553206
11.900000 0.495912 0.052540 0.548452
12.000000 0.495671 0.051534 0.547205
12.100000 0.495379 0.054011 0.549390
12.200000 0.495046 0.056829 0.551875
12.300000 0.494696 0.056891 0.551587
12.400000 0.494393 0.054117 0.548510
12.500000 0.494148 0.051541 0.545689
12.600000 0.494035 0.052392 0.546426
12.700000 0.494053 0.056891 0.550944
12.800000 0.494189 0.061792 0.555982
12.900000 0.494352 0.063156 0.557508
13.000000 0.494507 0.059820 0.554327
13.100000 0.494667 0.054384 0.549051
13.200000 0.494833 0.050895 0.545729
13.300000 0.494950 0.051346 0.546296
13.400000 0.495098 0.054109 0.549207
13.500000 0.495230 0.055676 0.550906
13.600000 0.495463 0.054058 0.549521
13.700000 0.495681 0.050713 0.546395
13.800000 0.495974 0.049167 0.545141
13.900000 0.496315 0.051602 0.547917
14.000000 0.496686 0.056595 0.553281
14.100000 0.497017 0.060184 0.557202
14.200000 0.497353 0.059329 0.556682
14.300000 0.497621 0.054588 0.552210
14.400000 0.497786 0.049593 0.547379
14.500000 0.497749 0.047855 0.545605
14.600000 0.497626 0.049790 0.547416
14.700000 0.497377 0.052604 0.549981
14.800000 0.497059 0.053078 0.550137
14.900000 0.496722 0.050654 0.547375
15.000000 0.496412 0.047982 0.544394
15.100000 0.496180 0.048374 0.544555
15.200000 0.496069 0.052520 0.548589
15.300000 0.496055 0.057585 0.553640
15.400000 0.496149 0.059582 0.555731
15.500000 0.496279 0.056874 0.553153
15.600000 0.496376 0.051600 0.547976
15.700000 0.496421 0.047766 0.544186
15.800000 0.496377 0.047765 0.544142
15.900000 0.496239 0.050460 0.546699
16.000000 0.496064 0.052490 0.548554
16.100000 0.495842 0.051542 0.547384
16.200000 0.495551 0.048588 0.544139
16.300000 0.495248 0.046969 0.542217
16.400000 0.494999 0.049161 0.544160
16.500000 0.494781 0.054237 0.549018
16.600000 0.494590 0.058462 0.553051
16.700000 0.494421 0.058524 0.552945
16.800000 0.494236 0.054449 0.548685
16.900000 0.494019 0.049540 0.543559
17.000000 0.493792 0.047465 0.541258
17.100000 0.493465 0.049117 0.542583
17.200000 0.493163 0.052053 0.545217
17.300000 0.492858 0.052960 0.545817
17.400000 0.492602 0.050833 0.543435
17.500000 0.492444 0.047959 0.540403
17.600000 0.492368 0.047726 0.540093
17.700000 0.492444 0.051304 0.543748
17.800000 0.492569 0.056314 0.548883
17.900000 0.492777 0.058798 0.551575
18.000000 0.492946 0.056706 0.549652
18.100000 0.492976 0.051707 0.544683
18.200000 0.492888 0.047705 0.540593
18.300000 0.492625 0.047428 0.540053
18.400000 0.492164 0.050178 0.542342
18.500000 0.491590 0.052709 0.544299
18.600000 0.490985 0.052375 0.543360
18.700000 0.490433 0.049659 0.540091
18.800000 0.489986 0.047708 0.537694
18.900000 0.489631 0.049295 0.538927
19.000000 0.489490 0.054015 0.543505
19.100000 0.489536 0.058407 0.547943
19.200000 0.489682 0.058941 0.548623
19.300000 0.489914 0.055137 0.545051
19.400000 0.490232 0.049973 0.540205
19.500000 0.490559 0.047248 0.537808
19.600000 0.490873 0.048313 0.539187
19.700000 0.491115 0.051083 0.542198
19.800000 0.491387 0.052166 0.543554
19.900000 0.491569 0.050140 0.541709
20.000000 0.491668 0.046935 0.538603
