0.100000 0.508458 0.058981 0.567438
0.200000 0.507687 0.066308 0.573995
0.300000 0.506752 0.077035 0.583787
0.400000 0.505735 0.089511 0.595246
0.500000 0.504654 0.101806 0.606460
0.600000 0.503620 0.112009 0.615629
0.700000 0.502690 0.118547 0.621237
0.800000 0.501974 0.120432 0.622407
0.900000 0.501452 0.117415 0.618866
1.000000 0.501073 0.110014 0.611087
1.100000 0.500831 0.099425 0.600256
1.200000 0.500692 0.087335 0.588027
1.300000 0.500646 0.075651 0.576297
1.400000 0.500735 0.066205 0.566940
1.500000 0.500930 0.060465 0.561395
1.600000 0.501064 0.059307 0.560371
1.700000 0.501219 0.062882 0.564101
1.800000 0.501314 0.070590 0.571904
1.900000 0.501420 0.081177 0.582597
2.000000 0.501514 0.092922 0.594435
2.100000 0.501583 0.103916 0.605499
2.200000 0.501749 0.112381 0.614130
2.300000 0.501980 0.116942 0.618922
2.400000 0.502299 0.116843 0.619142
2.500000 0.502738 0.112059 0.614797
2.600000 0.503181 0.103314 0.606495
2.700000 0.503666 0.091951 0.595617
2.800000 0.504117 0.079731 0.583848
2.900000 0.504505 0.068551 0.573056
3.000000 0.504861 0.060140 0.565001
3.100000 0.505095 0.055790 0.560885
3.200000 0.505192 0.056148 0.561340
3.300000 0.505214 0.061115 0.566329
3.400000 0.505145 0.069874 0.575018
3.500000 0.504982 0.081013 0.585995
3.600000 0.504782 0.092753 0.597536
3.700000 0.504561 0.103234 0.607795
3.800000 0.504362 0.110795 0.615157
3.900000 0.504154 0.114239 0.618393
4.000000 0.503919 0.113021 0.616940
4.100000 0.503703 0.107328 0.611031
4.200000 0.503471 0.098051 0.601522
4.300000 0.503289 0.086641 0.589930
4.400000 0.503169 0.074887 0.578057
4.500000 0.503080 0.064629 0.567710
4.600000 0.502982 0.057475 0.560457
4.700000 0.502850 0.054545 0.557395
4.800000 0.502639 0.056296 0.558935
4.900000 0.502338 0.062442 0.564781
5.000000 0.501898 0.072005 0.573903
5.100000 0.501378 0.083465 0.584842
5.200000 0.500780 0.095010 0.595790
5.300000 0.500183 0.104820 0.605003
5.400000 0.499578 0.111352 0.610930
5.500000 0.499056 0.113593 0.612649
5.600000 0.498600 0.111208 0.609808
5.700000 0.498293 0.104586 0.602879
5.800000 0.498091 0.094789 0.592880
5.900000 0.497944 0.083374 0.581318
6.000000 0.497883 0.072155 0.570037
6.100000 0.497904 0.062901 0.560805
6.200000 0.497945 0.057076 0.555021
6.300000 0.498058 0.055589 0.553647
6.400000 0.498057 0.058669 0.556725
6.500000 0.498040 0.065814 0.563854
6.600000 0.497993 0.075879 0.573873
6.700000 0.497933 0.087258 0.585191
6.800000 0.497908 0.098144 0.596052
6.900000 0.497819 0.106809 0.604628
7.000000 0.497787 0.111879 0.609667
7.100000 0.497755 0.112552 0.610306
7.200000 0.497758 0.108711 0.606470
7.300000 0.497822 0.100950 0.598772
7.400000 0.497912 0.090470 0.588383
7.500000 0.498066 0.078907 0.576974
7.600000 0.498213 0.068055 0.566268
7.700000 0.498410 0.059589 0.557999
7.800000 0.498642 0.054799 0.553442
7.900000 0.498901 0.054389 0.553290
8.000000 0.499220 0.058375 0.557595
8.100000 0.499560 0.066081 0.565640
8.200000 0.499871 0.076248 0.576119
8.300000 0.500121 0.087235 0.587356
8.400000 0.500233 0.097266 0.597499
8.500000 0.500346 0.104728 0.605075
8.600000 0.500456 0.108414 0.608870
8.700000 0.500462 0.107726 0.608187
8.800000 0.500432 0.102755 0.603187
8.900000 0.500336 0.094282 0.594619
9.000000 0.500176 0.083646 0.583821
9.100000 0.499916 0.072528 0.572444
9.200000 0.499570 0.062693 0.562262
9.300000 0.499175 0.055699 0.554874
9.400000 0.498793 0.052658 0.551451
9.500000 0.498353 0.054059 0.552412
9.600000 0.497959 0.059690 0.557649
9.700000 0.497547 0.068673 0.566221
9.800000 0.497205 0.079595 0.576800
9.900000 0.496932 0.090738 0.587670
10.000000 0.496746 0.100344 0.597090
10.100000 0.496713 0.106893 0.603606
10.200000 0.496745 0.109345 0.606090
10.300000 0.496836 0.107305 0.604141
10.400000 0.497071 0.101075 0.598146
10.500000 0.497296 0.091617 0.588914
10.600000 0.497566 0.080390 0.577956
10.700000 0.497888 0.069130 0.567018
10.800000 0.498211 0.059574 0.557785
10.900000 0.498501 0.053195 0.551696
11.000000 0.498748 0.050960 0.549708
11.100000 0.498885 0.053185 0.552070
11.200000 0.498933 0.059487 0.558421
11.300000 0.498797 0.068842 0.567640
11.400000 0.498554 0.079751 0.578305
11.500000 0.498214 0.090471 0.588685
11.600000 0.497845 0.099295 0.597139
11.700000 0.497395 0.104823 0.602218
11.800000 0.496989 0.106180 0.603169
11.900000 0.496541 0.103160 0.599702
12.000000 0.496235 0.096255 0.592490
12.100000 0.495968 0.086572 0.582540
12.200000 0.495731 0.075656 0.571387
12.300000 0.495504 0.065237 0.560741
12.400000 0.495350 0.056958 0.552308
12.500000 0.495229 0.052118 0.547347
12.600000 0.495104 0.051467 0.546571
12.700000 0.495082 0.055081 0.550163
12.800000 0.495126 0.062366 0.557492
12.900000 0.495165 0.072156 0.567321
13.000000 0.495314 0.082884 0.578199
13.100000 0.495506 0.092824 0.588330
13.200000 0.495744 0.100372 0.596117
13.300000 0.496067 0.104309 0.600375
13.400000 0.496453 0.103988 0.600441
13.500000 0.496840 0.099437 0.596277
13.600000 0.497265 0.091340 0.588604
13.700000 0.497592 0.080931 0.578523
13.800000 0.497989 0.069803 0.567792
13.900000 0.498354 0.059660 0.558014
14.000000 0.498685 0.052049 0.550733
14.100000 0.498950 0.048121 0.547070
14.200000 0.499164 0.048443 0.547607
14.300000 0.499283 0.052924 0.552206
14.400000 0.499313 0.060813 0.560125
14.500000 0.499241 0.070829 0.570070
14.600000 0.499143 0.081355 0.580498
14.700000 0.498961 0.090699 0.589660
14.800000 0.498718 0.097363 0.596081
14.900000 0.498545 0.100288 0.598834
15.000000 0.498381 0.099018 0.597399
15.100000 0.498171 0.093763 0.591934
15.200000 0.497944 0.085369 0.583313
15.300000 0.497643 0.075173 0.572816
15.400000 0.497313 0.064785 0.562098
15.500000 0.497006 0.055837 0.552842
15.600000 0.496689 0.049734 0.546423
15.700000 0.496457 0.047431 0.543888
15.800000 0.496267 0.049293 0.545559
15.900000 0.496075 0.055024 0.551099
16.000000 0.495947 0.063724 0.559672
16.100000 0.495875 0.074026 0.569902
16.200000 0.495734 0.084309 0.580043
16.300000 0.495480 0.092953 0.588433
16.400000 0.495212 0.098599 0.593811
16.500000 0.494926 0.100357 0.595282
16.600000 0.494613 0.097950 0.592563
16.700000 0.494321 0.091760 0.586082
16.800000 0.494090 0.082768 0.576859
16.900000 0.493916 0.072388 0.566304
17.000000 0.493711 0.062255 0.555966
17.100000 0.493638 0.053959 0.547596
17.200000 0.493586 0.048793 0.542379
17.300000 0.493647 0.047553 0.541200
17.400000 0.493734 0.050413 0.544147
17.500000 0.493817 0.056901 0.550717
17.600000 0.493912 0.065965 0.559876
17.700000 0.494029 0.076157 0.570186
17.800000 0.494129 0.085853 0.579981
17.900000 0.494261 0.093508 0.587768
18.000000 0.494286 0.097905 0.592190
18.100000 0.494229 0.098343 0.592572
18.200000 0.494159 0.094749 0.588908
18.300000 0.494015 0.087691 0.581707
18.400000 0.493751 0.078291 0.572042
18.500000 0.493403 0.068043 0.561446
18.600000 0.493009 0.058581 0.551590
18.700000 0.492583 0.051420 0.544003
18.800000 0.492122 0.047713 0.539835
18.900000 0.491608 0.048071 0.539679
19.000000 0.491132 0.052458 0.543590
19.100000 0.490661 0.060204 0.550865
19.200000 0.490276 0.070101 0.560378
19.300000 0.489946 0.080601 0.570547
19.400000 0.489733 0.090051 0.579784
19.500000 0.489609 0.096964 0.586573
19.600000 0.489631 0.100246 0.589877
19.700000 0.489713 0.099377 0.589090
19.800000 0.489851 0.094479 0.584330
19.900000 0.490048 0.086308 0.576357
20.000000 0.490280 0.076129 0.566409
