0.100000 0.508518 0.059948 0.568466
0.200000 0.507938 0.068565 0.576503
0.300000 0.507344 0.081612 0.588956
0.400000 0.506836 0.098461 0.605297
0.500000 0.506471 0.118295 0.624767
0.600000 0.506329 0.140159 0.646489
0.700000 0.506553 0.163040 0.669593
0.800000 0.507301 0.185922 0.693223
0.900000 0.508452 0.207846 0.716298
1.000000 0.510056 0.227945 0.738001
1.100000 0.512002 0.245471 0.757473
1.200000 0.514310 0.259814 0.774124
1.300000 0.516904 0.270529 0.787432
1.400000 0.519842 0.277334 0.797176
1.500000 0.523028 0.280125 0.803152
1.600000 0.526266 0.278954 0.805219
1.700000 0.529553 0.274030 0.803583
1.800000 0.532707 0.265682 0.798389
1.900000 0.535714 0.254314 0.790028
2.000000 0.538606 0.240382 0.778988
2.100000 0.541426 0.224406 0.765831
2.200000 0.544143 0.206955 0.751097
2.300000 0.546711 0.188631 0.735342
2.400000 0.549032 0.170043 0.719075
2.500000 0.551102 0.151772 0.702874
2.600000 0.552818 0.134369 0.687187
2.700000 0.554129 0.118345 0.672474
2.800000 0.554994 0.104140 0.659135
2.900000 0.555389 0.092110 0.647500
3.000000 0.555439 0.082506 0.637944
3.100000 0.555055 0.075491 0.630546
3.200000 0.554429 0.071148 0.625577
3.300000 0.553503 0.069487 0.622990
3.400000 0.552310 0.070450 0.622760
3.500000 0.550852 0.073900 0.624752
3.600000 0.549051 0.079623 0.628674
3.700000 0.547061 0.087329 0.634391
3.800000 0.544780 0.096653 0.641433
3.900000 0.542229 0.107162 0.649391
4.000000 0.539516 0.118365 0.657881
4.100000 0.536702 0.129728 0.666430
4.200000 0.533921 0.140696 0.674617
4.300000 0.531312 0.150717 0.682029
4.400000 0.528761 0.159264 0.688024
4.500000 0.526435 0.165861 0.692296
4.600000 0.524342 0.170104 0.694446
4.700000 0.522501 0.171681 0.694181
4.800000 0.520931 0.170404 0.691335
4.900000 0.519670 0.166228 0.685899
5.000000 0.518596 0.159265 0.677860
5.100000 0.517803 0.149802 0.667605
5.200000 0.517261 0.138311 0.655573
5.300000 0.516935 0.125442 0.642377
5.400000 0.516817 0.112009 0.628827
5.500000 0.516753 0.098947 0.615700
5.600000 0.516592 0.087256 0.603848
5.700000 0.516387 0.077933 0.594320
5.800000 0.516016 0.071906 0.587922
5.900000 0.515366 0.069966 0.585332
6.000000 0.514475 0.072721 0.587196
6.100000 0.513449 0.080551 0.593999
6.200000 0.512321 0.093566 0.605887
6.300000 0.511309 0.111571 0.622880
6.400000 0.510453 0.134081 0.644534
6.500000 0.510001 0.160384 0.670385
6.600000 0.510141 0.189570 0.699711
6.700000 0.510700 0.220826 0.731525
6.800000 0.511278 0.253404 0.764682
6.900000 0.512247 0.286049 0.798297
7.000000 0.513975 0.317626 0.831601
7.100000 0.516283 0.347287 0.863570
7.200000 0.518830 0.374390 0.893221
7.300000 0.521671 0.398196 0.919867
7.400000 0.525258 0.417868 0.943127
7.500000 0.529679 0.432939 0.962618
7.600000 0.534819 0.443227 0.978046
7.700000 0.540801 0.448591 0.989392
7.800000 0.546170 0.449695 0.995865
7.900000 0.550238 0.447102 0.997340
8.000000 0.554171 0.440488 0.994659
8.100000 0.558047 0.430156 0.988203
8.200000 0.561785 0.416547 0.978332
8.300000 0.566765 0.399516 0.966281
8.400000 0.571338 0.380269 0.951607
8.500000 0.574610 0.359887 0.934497
8.600000 0.577501 0.338397 0.915897
8.700000 0.578435 0.317147 0.895582
8.800000 0.580094 0.295252 0.875346
8.900000 0.583649 0.272656 0.856305
9.000000 0.589471 0.249498 0.838969
9.100000 0.595679 0.226869 0.822549
9.200000 0.594227 0.209597 0.803824
9.300000 0.593744 0.193382 0.787126
9.400000 0.594062 0.178501 0.772563
9.500000 0.594652 0.165362 0.760015
9.600000 0.595185 0.154193 0.749378
9.700000 0.595150 0.145209 0.740359
9.800000 0.594632 0.138343 0.732975
9.900000 0.594523 0.133102 0.727625
10.000000 0.593952 0.129769 0.723720
10.100000 0.592804 0.128148 0.720952
10.200000 0.591598 0.127805 0.719403
10.300000 0.590047 0.128605 0.718652
10.400000 0.588720 0.130033 0.718753
10.500000 0.587514 0.131831 0.719345
10.600000 0.586105 0.133919 0.720024
10.700000 0.583923 0.136323 0.720245
10.800000 0.581127 0.138737 0.719863
10.900000 0.578121 0.140760 0.718881
11.000000 0.575234 0.142109 0.717344
11.100000 0.572877 0.142493 0.715370
11.200000 0.570942 0.141896 0.712837
11.300000 0.569325 0.140506 0.709831
11.400000 0.567808 0.138520 0.706328
11.500000 0.566406 0.136161 0.702567
11.600000 0.564982 0.133787 0.698769
11.700000 0.563604 0.131684 0.695289
11.800000 0.562881 0.129986 0.692866
11.900000 0.562866 0.129038 0.691904
12.000000 0.563330 0.129455 0.692784
12.100000 0.563761 0.131909 0.695670
12.200000 0.563956 0.136812 0.700768
12.300000 0.564191 0.144372 0.708563
12.400000 0.564454 0.154774 0.719228
12.500000 0.564535 0.168178 0.732713
12.600000 0.564374 0.184510 0.748884
12.700000 0.564394 0.203384 0.767778
12.800000 0.564799 0.224360 0.789158
12.900000 0.565547 0.246990 0.812538
13.000000 0.566514 0.270758 0.837271
13.100000 0.567748 0.295058 0.862806
13.200000 0.569234 0.319210 0.888445
13.300000 0.571035 0.342509 0.913544
13.400000 0.573283 0.364295 0.937578
13.500000 0.575905 0.384020 0.959926
13.600000 0.578760 0.401271 0.980031
13.700000 0.581459 0.415723 0.997182
13.800000 0.583962 0.427099 1.011061
13.900000 0.586239 0.435194 1.021434
14.000000 0.588326 0.439898 1.028224
14.100000 0.590129 0.441205 1.031334
14.200000 0.591716 0.439180 1.030896
14.300000 0.593215 0.433951 1.027166
14.400000 0.594678 0.425730 1.020408
14.500000 0.596071 0.414769 1.010840
14.600000 0.597714 0.401325 0.999038
14.700000 0.599732 0.385723 0.985455
14.800000 0.601939 0.368425 0.970364
14.900000 0.604133 0.350016 0.954149
15.000000 0.605813 0.331111 0.936924
15.100000 0.606861 0.312175 0.919036
15.200000 0.607597 0.293479 0.901076
15.300000 0.608063 0.275301 0.883365
15.400000 0.608270 0.257982 0.866251
15.500000 0.608341 0.241766 0.850108
15.600000 0.608346 0.226807 0.835153
15.700000 0.608036 0.213407 0.821442
15.800000 0.606948 0.201982 0.808930
15.900000 0.605476 0.192360 0.797836
16.000000 0.604301 0.184252 0.788553
16.100000 0.603459 0.177631 0.781090
16.200000 0.602644 0.172632 0.775277
16.300000 0.601202 0.169370 0.770572
16.400000 0.599236 0.167692 0.766928
16.500000 0.597057 0.167240 0.764296
16.600000 0.595032 0.167624 0.762656
16.700000 0.593269 0.168553 0.761822
16.800000 0.591673 0.169799 0.761472
16.900000 0.590258 0.171146 0.761404
17.000000 0.588920 0.172417 0.761337
17.100000 0.587510 0.173436 0.760946
17.200000 0.586111 0.173993 0.760104
17.300000 0.584931 0.173914 0.758845
17.400000 0.583936 0.173156 0.757092
17.500000 0.583067 0.171796 0.754863
17.600000 0.582242 0.169999 0.752241
17.700000 0.581484 0.168026 0.749509
17.800000 0.580715 0.166211 0.746926
17.900000 0.579779 0.164957 0.744736
18.000000 0.578603 0.164697 0.743300
18.100000 0.577182 0.165813 0.742995
18.200000 0.575726 0.168634 0.744361
18.300000 0.574281 0.173504 0.747784
18.400000 0.572950 0.180748 0.753698
18.500000 0.571815 0.190616 0.762431
18.600000 0.571089 0.203200 0.774289
18.700000 0.570838 0.218482 0.789320
18.800000 0.569909 0.236996 0.806905
18.900000 0.568862 0.258273 0.827135
19.000000 0.568460 0.281604 0.850064
19.100000 0.568449 0.306604 0.875053
19.200000 0.568899 0.332786 0.901685
19.300000 0.569581 0.359615 0.929196
19.400000 0.570397 0.386517 0.956914
19.500000 0.571308 0.412810 0.984118
19.600000 0.572464 0.437819 1.010283
19.700000 0.573926 0.460895 1.034822
19.800000 0.575507 0.481653 1.057160
19.900000 0.576987 0.499725 1.076712
20.000000 0.578073 0.514866 1.092939
