0.100000 0.508537 0.060202 0.568739
0.200000 0.508019 0.069067 0.577086
0.300000 0.507534 0.082321 0.589855
0.400000 0.507204 0.099288 0.606492
0.500000 0.507099 0.119102 0.626201
0.600000 0.507341 0.140763 0.648104
0.700000 0.508081 0.163224 0.671306
0.800000 0.509417 0.185461 0.694878
0.900000 0.511317 0.206524 0.717841
1.000000 0.513688 0.225586 0.739274
1.100000 0.516644 0.241947 0.758591
1.200000 0.520021 0.255069 0.775090
1.300000 0.523776 0.264579 0.788355
1.400000 0.527924 0.270275 0.798198
1.500000 0.532396 0.272117 0.804513
1.600000 0.536975 0.270227 0.807202
1.700000 0.541546 0.264860 0.806406
1.800000 0.546092 0.256375 0.802468
1.900000 0.550529 0.245179 0.795708
2.000000 0.554812 0.231720 0.786532
2.100000 0.558968 0.216488 0.775456
2.200000 0.563010 0.200010 0.763021
2.300000 0.566864 0.182833 0.749697
2.400000 0.570366 0.165500 0.735866
2.500000 0.573597 0.148541 0.722137
2.600000 0.576238 0.132464 0.708703
2.700000 0.578299 0.117737 0.696036
2.800000 0.579702 0.104729 0.684431
2.900000 0.580420 0.093710 0.674131
3.000000 0.580651 0.084857 0.665509
3.100000 0.580396 0.078280 0.658676
3.200000 0.579739 0.074037 0.653776
3.300000 0.578722 0.072134 0.650856
3.400000 0.577337 0.072527 0.649864
3.500000 0.575515 0.075104 0.650619
3.600000 0.573277 0.079677 0.652954
3.700000 0.570649 0.086001 0.656650
3.800000 0.567770 0.093754 0.661524
3.900000 0.564577 0.102561 0.667138
4.000000 0.561220 0.111999 0.673220
4.100000 0.557869 0.121635 0.679503
4.200000 0.554496 0.131019 0.685515
4.300000 0.551183 0.139729 0.690912
4.400000 0.547849 0.147352 0.695201
4.500000 0.544582 0.153512 0.698094
4.600000 0.541367 0.157866 0.699233
4.700000 0.538268 0.160126 0.698394
4.800000 0.535298 0.160068 0.695366
4.900000 0.532550 0.157576 0.690126
5.000000 0.530028 0.152645 0.682673
5.100000 0.527941 0.145424 0.673366
5.200000 0.526183 0.136224 0.662408
5.300000 0.524802 0.125516 0.650318
5.400000 0.523767 0.113930 0.637697
5.500000 0.522974 0.102220 0.625194
5.600000 0.522312 0.091220 0.613532
5.700000 0.521785 0.081784 0.603569
5.800000 0.521226 0.074728 0.595954
5.900000 0.520585 0.070765 0.591350
6.000000 0.519916 0.070452 0.590368
6.100000 0.519251 0.074149 0.593400
6.200000 0.518673 0.082007 0.600680
6.300000 0.518265 0.093938 0.612204
6.400000 0.518080 0.109585 0.627665
6.500000 0.518212 0.128425 0.646637
6.600000 0.518666 0.149815 0.668481
6.700000 0.519468 0.173017 0.692485
6.800000 0.520702 0.197206 0.717907
6.900000 0.522368 0.221510 0.743879
7.000000 0.524633 0.245061 0.769694
7.100000 0.527611 0.267082 0.794694
7.200000 0.531124 0.286936 0.818060
7.300000 0.535214 0.304055 0.839270
7.400000 0.539923 0.317996 0.857919
7.500000 0.544016 0.329059 0.873075
7.600000 0.548231 0.336681 0.884912
7.700000 0.552461 0.340837 0.893298
7.800000 0.557293 0.341305 0.898598
7.900000 0.563136 0.337982 0.901118
8.000000 0.569629 0.331280 0.900909
8.100000 0.575120 0.322294 0.897414
8.200000 0.579365 0.311532 0.890898
8.300000 0.583170 0.298933 0.882104
8.400000 0.586988 0.284665 0.871653
8.500000 0.591207 0.268984 0.860191
8.600000 0.595671 0.252378 0.848049
8.700000 0.599848 0.235458 0.835306
8.800000 0.603817 0.218554 0.822372
8.900000 0.607532 0.202055 0.809587
9.000000 0.610749 0.186366 0.797115
9.100000 0.613748 0.171638 0.785386
9.200000 0.616630 0.158004 0.774634
9.300000 0.619297 0.145697 0.764994
9.400000 0.621347 0.135020 0.756367
9.500000 0.622054 0.126449 0.748503
9.600000 0.621807 0.119814 0.741621
9.700000 0.621662 0.114572 0.736234
9.800000 0.621857 0.110580 0.732437
9.900000 0.621722 0.108027 0.729749
10.000000 0.620834 0.107049 0.727883
10.100000 0.619814 0.107176 0.726991
10.200000 0.618983 0.108065 0.727048
10.300000 0.617804 0.109747 0.727551
10.400000 0.614084 0.113161 0.727245
10.500000 0.611120 0.116391 0.727511
10.600000 0.609177 0.119136 0.728313
10.700000 0.607738 0.121414 0.729152
10.800000 0.607710 0.122636 0.730347
10.900000 0.605836 0.124204 0.730039
11.000000 0.602833 0.125729 0.728563
11.100000 0.600751 0.126035 0.726787
11.200000 0.598942 0.125458 0.724400
11.300000 0.597226 0.124115 0.721340
11.400000 0.595860 0.121965 0.717825
11.500000 0.592982 0.120019 0.713001
11.600000 0.589570 0.117982 0.707552
11.700000 0.586952 0.115408 0.702360
11.800000 0.585077 0.112594 0.697671
11.900000 0.583758 0.109872 0.693630
12.000000 0.583022 0.107599 0.690621
12.100000 0.582634 0.106128 0.688762
12.200000 0.582494 0.105797 0.688291
12.300000 0.582345 0.106952 0.689297
12.400000 0.582069 0.109801 0.691870
12.500000 0.582016 0.114280 0.696297
12.600000 0.582352 0.120287 0.702640
12.700000 0.583112 0.127757 0.710869
12.800000 0.584006 0.136672 0.720678
12.900000 0.584653 0.146954 0.731607
13.000000 0.585343 0.158218 0.743562
13.100000 0.586431 0.169924 0.756355
13.200000 0.587946 0.181617 0.769563
13.300000 0.589910 0.192951 0.782861
13.400000 0.592222 0.203630 0.795852
13.500000 0.594680 0.213375 0.808055
13.600000 0.597217 0.221907 0.819124
13.700000 0.599842 0.228949 0.828791
13.800000 0.602634 0.234284 0.836918
13.900000 0.605486 0.237802 0.843288
14.000000 0.608209 0.239497 0.847706
14.100000 0.610702 0.239413 0.850115
14.200000 0.612961 0.237596 0.850557
14.300000 0.615205 0.234092 0.849297
14.400000 0.617363 0.229003 0.846367
14.500000 0.619563 0.222504 0.842066
14.600000 0.621775 0.214840 0.836615
14.700000 0.623785 0.206308 0.830093
14.800000 0.625534 0.197215 0.822749
14.900000 0.626977 0.187849 0.814826
15.000000 0.628047 0.178473 0.806519
15.100000 0.628699 0.169318 0.798017
15.200000 0.629176 0.160576 0.789752
15.300000 0.629450 0.152398 0.781849
15.400000 0.629598 0.144938 0.774536
15.500000 0.629705 0.138329 0.768033
15.600000 0.629771 0.132695 0.762466
15.700000 0.629640 0.128138 0.757778
15.800000 0.629424 0.124723 0.754147
15.900000 0.628965 0.122477 0.751442
16.000000 0.628362 0.121383 0.749745
16.100000 0.627572 0.121394 0.748967
16.200000 0.626501 0.122435 0.748936
16.300000 0.625239 0.124411 0.749650
16.400000 0.623764 0.127211 0.750975
16.500000 0.621801 0.130710 0.752511
16.600000 0.619446 0.134781 0.754227
16.700000 0.616385 0.139287 0.755672
16.800000 0.612772 0.144009 0.756782
16.900000 0.608829 0.148630 0.757459
17.000000 0.604846 0.152796 0.757642
17.100000 0.601164 0.156200 0.757364
17.200000 0.597891 0.158616 0.756507
17.300000 0.595103 0.159898 0.755001
17.400000 0.592788 0.159988 0.752776
17.500000 0.590798 0.158909 0.749707
17.600000 0.589142 0.156735 0.745876
17.700000 0.587767 0.153555 0.741322
17.800000 0.586616 0.149513 0.736128
17.900000 0.585799 0.144788 0.730588
18.000000 0.585295 0.139627 0.724922
18.100000 0.585125 0.134370 0.719495
18.200000 0.585090 0.129417 0.714508
18.300000 0.585052 0.125164 0.710216
18.400000 0.585066 0.121952 0.707018
18.500000 0.585019 0.120085 0.705104
18.600000 0.584957 0.119842 0.704799
18.700000 0.584800 0.121451 0.706251
18.800000 0.584447 0.125039 0.709486
18.900000 0.583958 0.130596 0.714555
19.000000 0.583380 0.137987 0.721367
19.100000 0.582886 0.146993 0.729879
19.200000 0.582514 0.157333 0.739847
19.300000 0.582217 0.168678 0.750895
19.400000 0.582038 0.180647 0.762685
19.500000 0.581991 0.192838 0.774829
19.600000 0.582102 0.204836 0.786938
19.700000 0.582407 0.216221 0.798628
19.800000 0.582920 0.226610 0.809530
19.900000 0.583728 0.235668 0.819396
20.000000 0.584792 0.243122 0.827914
