0.100000 0.508517 0.059716 0.568233
0.200000 0.507918 0.065515 0.573432
0.300000 0.507238 0.069044 0.576282
0.400000 0.506491 0.067679 0.574170
0.500000 0.505646 0.062980 0.568626
0.600000 0.504669 0.059203 0.563872
0.700000 0.503722 0.059493 0.563216
0.800000 0.502825 0.063170 0.565995
0.900000 0.501999 0.066514 0.568514
1.000000 0.501318 0.066280 0.567598
1.100000 0.500870 0.062775 0.563645
1.200000 0.500584 0.059624 0.560209
1.300000 0.500515 0.060363 0.560878
1.400000 0.500698 0.064991 0.565689
1.500000 0.501056 0.069810 0.570867
1.600000 0.501456 0.070707 0.572163
1.700000 0.501849 0.066847 0.568695
1.800000 0.502107 0.061366 0.563474
1.900000 0.502253 0.058536 0.560788
2.000000 0.502223 0.060013 0.562236
2.100000 0.502117 0.063538 0.565655
2.200000 0.501997 0.065153 0.567150
2.300000 0.501993 0.062943 0.564936
2.400000 0.502171 0.058884 0.561055
2.500000 0.502513 0.057005 0.559518
2.600000 0.503013 0.059540 0.562553
2.700000 0.503636 0.064651 0.568286
2.800000 0.504381 0.067964 0.572345
2.900000 0.505069 0.066479 0.571548
3.000000 0.505638 0.061235 0.566873
3.100000 0.505954 0.056320 0.562274
3.200000 0.506028 0.055254 0.561282
3.300000 0.505840 0.057983 0.563824
3.400000 0.505500 0.061144 0.566643
3.500000 0.505001 0.061298 0.566299
3.600000 0.504515 0.058203 0.562718
3.700000 0.504104 0.055087 0.559191
3.800000 0.503814 0.055590 0.559404
3.900000 0.503616 0.060186 0.563802
4.000000 0.503482 0.065509 0.568991
4.100000 0.503444 0.067277 0.570721
4.200000 0.503460 0.064080 0.567540
4.300000 0.503485 0.058572 0.562056
4.400000 0.503428 0.055060 0.558488
4.500000 0.503265 0.055747 0.559013
4.600000 0.503001 0.058980 0.561981
4.700000 0.502731 0.060996 0.563727
4.800000 0.502342 0.059553 0.561895
4.900000 0.501905 0.056118 0.558024
5.000000 0.501406 0.054531 0.555937
5.100000 0.500930 0.057304 0.558234
5.200000 0.500499 0.063043 0.563541
5.300000 0.500149 0.067471 0.567619
5.400000 0.499810 0.067175 0.566985
5.500000 0.499557 0.062584 0.562141
5.600000 0.499249 0.057498 0.556747
5.700000 0.498931 0.055712 0.554643
5.800000 0.498587 0.057801 0.556388
5.900000 0.498194 0.060876 0.559070
6.000000 0.497864 0.061457 0.559321
6.100000 0.497627 0.058833 0.556459
6.200000 0.497457 0.055799 0.553256
6.300000 0.497447 0.056005 0.553452
6.400000 0.497551 0.060348 0.557900
6.500000 0.497709 0.065860 0.563569
6.600000 0.497958 0.068200 0.566158
6.700000 0.498231 0.065472 0.563703
6.800000 0.498542 0.059840 0.558382
6.900000 0.498770 0.055571 0.554341
7.000000 0.498891 0.055326 0.554216
7.100000 0.498905 0.058037 0.556942
7.200000 0.498886 0.060161 0.559047
7.300000 0.498859 0.059125 0.557984
7.400000 0.498869 0.055828 0.554697
7.500000 0.498966 0.053815 0.552781
7.600000 0.499190 0.055840 0.555030
7.700000 0.499544 0.061044 0.560589
7.800000 0.499948 0.065468 0.565416
7.900000 0.500387 0.065494 0.565882
8.000000 0.500839 0.061027 0.561865
8.100000 0.501135 0.055517 0.556652
8.200000 0.501303 0.052920 0.554223
8.300000 0.501292 0.054337 0.555629
8.400000 0.501042 0.057309 0.558352
8.500000 0.500735 0.058307 0.559042
8.600000 0.500420 0.056129 0.556550
8.700000 0.500057 0.053090 0.553148
8.800000 0.499779 0.052817 0.552596
8.900000 0.499655 0.056670 0.556325
9.000000 0.499609 0.062193 0.561802
9.100000 0.499637 0.065132 0.564769
9.200000 0.499701 0.063167 0.562868
9.300000 0.499718 0.057929 0.557646
9.400000 0.499626 0.053501 0.553128
9.500000 0.499417 0.052862 0.552279
9.600000 0.499130 0.055438 0.554568
9.700000 0.498732 0.057901 0.556633
9.800000 0.498418 0.057418 0.555836
9.900000 0.498183 0.054390 0.552573
10.000000 0.498074 0.052123 0.550197
10.100000 0.498110 0.053638 0.551748
10.200000 0.498235 0.058617 0.556852
10.300000 0.498469 0.063411 0.561881
10.400000 0.498779 0.064182 0.562961
10.500000 0.499020 0.060270 0.559290
10.600000 0.499189 0.054717 0.553905
10.700000 0.499209 0.051559 0.550769
10.800000 0.499061 0.052391 0.551453
10.900000 0.498779 0.055225 0.554004
11.000000 0.498450 0.056574 0.555024
11.100000 0.498068 0.054857 0.552925
11.200000 0.497665 0.051963 0.549629
11.300000 0.497283 0.051466 0.548749
11.400000 0.497022 0.055094 0.552115
11.500000 0.496870 0.060810 0.557681
11.600000 0.496815 0.064396 0.561211
11.700000 0.496788 0.063105 0.559893
11.800000 0.496748 0.058034 0.554782
11.900000 0.496659 0.053093 0.549752
12.000000 0.496430 0.051611 0.548041
12.100000 0.496077 0.053615 0.549692
12.200000 0.495637 0.056138 0.551776
12.300000 0.495155 0.056193 0.551348
12.400000 0.494720 0.053686 0.548406
12.500000 0.494442 0.051542 0.545983
12.600000 0.494315 0.052850 0.547165
12.700000 0.494386 0.057713 0.552099
12.800000 0.494676 0.062812 0.557487
12.900000 0.494975 0.064204 0.559179
13.000000 0.495305 0.060752 0.556057
13.100000 0.495570 0.055072 0.550643
13.200000 0.495749 0.051210 0.546960
13.300000 0.495820 0.051217 0.547037
13.400000 0.495850 0.053606 0.549457
13.500000 0.495845 0.055023 0.550868
13.600000 0.495925 0.053531 0.549456
13.700000 0.496073 0.050524 0.546597
13.800000 0.496317 0.049404 0.545720
13.900000 0.496678 0.052227 0.548905
14.000000 0.497124 0.057481 0.554604
14.100000 0.497609 0.061173 0.558782
14.200000 0.498120 0.060288 0.558408
14.300000 0.498493 0.055407 0.553901
14.400000 0.498736 0.050151 0.548887
14.500000 0.498743 0.048035 0.546778
14.600000 0.498515 0.049562 0.548077
14.700000 0.498211 0.052097 0.550308
14.800000 0.497757 0.052536 0.550293
14.900000 0.497344 0.050322 0.547667
15.000000 0.496960 0.048007 0.544967
15.100000 0.496728 0.048774 0.545502
15.200000 0.496637 0.053210 0.549848
15.300000 0.496677 0.058432 0.555109
15.400000 0.496829 0.060470 0.557299
15.500000 0.497098 0.057722 0.554820
15.600000 0.497324 0.052329 0.549653
15.700000 0.497408 0.048265 0.545673
15.800000 0.497333 0.047939 0.545273
15.900000 0.497123 0.050323 0.547446
16.000000 0.496838 0.052195 0.549033
16.100000 0.496522 0.051302 0.547824
16.200000 0.496165 0.048560 0.544726
16.300000 0.495908 0.047199 0.543107
16.400000 0.495773 0.049589 0.545362
16.500000 0.495708 0.054751 0.550459
16.600000 0.495725 0.058962 0.554687
16.700000 0.495776 0.058971 0.554747
16.800000 0.495744 0.054840 0.550584
16.900000 0.495643 0.049846 0.545490
17.000000 0.495352 0.047612 0.542964
17.100000 0.494937 0.049058 0.543995
17.200000 0.494433 0.051853 0.546286
17.300000 0.493867 0.052780 0.546647
17.400000 0.493323 0.050835 0.544158
17.500000 0.492969 0.048221 0.541191
17.600000 0.492783 0.048226 0.541009
17.700000 0.492774 0.051957 0.544731
17.800000 0.492917 0.057026 0.549943
17.900000 0.493168 0.059519 0.552687
18.000000 0.493428 0.057437 0.550865
18.100000 0.493564 0.052445 0.546009
18.200000 0.493563 0.048372 0.541936
18.300000 0.493388 0.047900 0.541288
18.400000 0.493046 0.050382 0.543428
18.500000 0.492637 0.052682 0.545319
18.600000 0.492203 0.052228 0.544431
18.700000 0.491842 0.049478 0.541320
18.800000 0.491585 0.047515 0.539100
18.900000 0.491501 0.049052 0.540554
19.000000 0.491590 0.053678 0.545268
19.100000 0.491811 0.057972 0.549783
19.200000 0.492120 0.058473 0.550592
19.300000 0.492472 0.054739 0.547211
19.400000 0.492773 0.049704 0.542477
19.500000 0.492875 0.047082 0.539957
19.600000 0.492873 0.048193 0.541066
19.700000 0.492775 0.051011 0.543786
19.800000 0.492568 0.052218 0.544786
19.900000 0.492356 0.050389 0.542745
20.000000 0.492160 0.047380 0.539540
