0.100000 0.508458 0.058913 0.567370
0.200000 0.507687 0.065305 0.572991
0.300000 0.506755 0.072512 0.579266
0.400000 0.505731 0.077338 0.583069
0.500000 0.504652 0.077711 0.582363
0.600000 0.503601 0.073634 0.577235
0.700000 0.502653 0.067185 0.569838
0.800000 0.501926 0.061525 0.563451
0.900000 0.501358 0.059404 0.560762
1.000000 0.500959 0.061868 0.562827
1.100000 0.500697 0.067768 0.568465
1.200000 0.500576 0.074313 0.574889
1.300000 0.500518 0.078393 0.578911
1.400000 0.500615 0.078053 0.578668
1.500000 0.500756 0.073409 0.574165
1.600000 0.500908 0.066598 0.567506
1.700000 0.501069 0.060777 0.561846
1.800000 0.501188 0.058636 0.559824
1.900000 0.501302 0.061133 0.562435
2.000000 0.501364 0.067034 0.568398
2.100000 0.501486 0.073501 0.574987
2.200000 0.501641 0.077417 0.579058
2.300000 0.501877 0.076853 0.578730
2.400000 0.502216 0.071963 0.574178
2.500000 0.502656 0.064900 0.567556
2.600000 0.503133 0.058817 0.561950
2.700000 0.503606 0.056382 0.559987
2.800000 0.504079 0.058538 0.562617
2.900000 0.504483 0.064079 0.568561
3.000000 0.504825 0.070224 0.575048
3.100000 0.505038 0.073935 0.578973
3.200000 0.505137 0.073356 0.578493
3.300000 0.505097 0.068683 0.573780
3.400000 0.505036 0.062067 0.567104
3.500000 0.504830 0.056603 0.561433
3.600000 0.504603 0.054859 0.559462
3.700000 0.504326 0.057667 0.561993
3.800000 0.504072 0.063728 0.567800
3.900000 0.503807 0.070213 0.574020
4.000000 0.503485 0.074093 0.577578
4.100000 0.503211 0.073556 0.576766
4.200000 0.502965 0.068848 0.571813
4.300000 0.502791 0.062159 0.564951
4.400000 0.502644 0.056586 0.559230
4.500000 0.502534 0.054682 0.557216
4.600000 0.502486 0.057268 0.559754
4.700000 0.502436 0.063060 0.565496
4.800000 0.502281 0.069282 0.571563
4.900000 0.502068 0.072981 0.575049
5.000000 0.501676 0.072421 0.574097
5.100000 0.501201 0.067899 0.569100
5.200000 0.500665 0.061607 0.562273
5.300000 0.500079 0.056589 0.556668
5.400000 0.499470 0.055300 0.554770
5.500000 0.498974 0.058447 0.557421
5.600000 0.498515 0.064643 0.563158
5.700000 0.498162 0.071050 0.569213
5.800000 0.497923 0.074715 0.572638
5.900000 0.497762 0.073948 0.571710
6.000000 0.497685 0.069117 0.566803
6.100000 0.497703 0.062467 0.560171
6.200000 0.497761 0.057075 0.554835
6.300000 0.497785 0.055401 0.553187
6.400000 0.497773 0.058150 0.555924
6.500000 0.497728 0.063944 0.561672
6.600000 0.497689 0.069981 0.567670
6.700000 0.497655 0.073359 0.571015
6.800000 0.497674 0.072447 0.570121
6.900000 0.497722 0.067640 0.565362
7.000000 0.497809 0.061169 0.558978
7.100000 0.497947 0.056048 0.553995
7.200000 0.498127 0.054645 0.552773
7.300000 0.498316 0.057578 0.555894
7.400000 0.498544 0.063414 0.561958
7.500000 0.498773 0.069354 0.568127
7.600000 0.498975 0.072542 0.571518
7.700000 0.499205 0.071408 0.570613
7.800000 0.499427 0.066399 0.565825
7.900000 0.499607 0.059771 0.559378
8.000000 0.499814 0.054528 0.554342
8.100000 0.499969 0.053015 0.552983
8.200000 0.500124 0.055827 0.555951
8.300000 0.500254 0.061527 0.561782
8.400000 0.500290 0.067338 0.567628
8.500000 0.500269 0.070452 0.570721
8.600000 0.500234 0.069352 0.569586
8.700000 0.500104 0.064528 0.564632
8.800000 0.499913 0.058240 0.558153
8.900000 0.499715 0.053454 0.553169
9.000000 0.499468 0.052442 0.551910
9.100000 0.499203 0.055710 0.554913
9.200000 0.498918 0.061752 0.560671
9.300000 0.498691 0.067756 0.566446
9.400000 0.498444 0.070919 0.569362
9.500000 0.498156 0.069761 0.567916
9.600000 0.497993 0.064824 0.562816
9.700000 0.497838 0.058411 0.556249
9.800000 0.497733 0.053499 0.551232
9.900000 0.497621 0.052346 0.549968
10.000000 0.497613 0.055428 0.553041
10.100000 0.497672 0.061222 0.558893
10.200000 0.497724 0.066924 0.564648
10.300000 0.497909 0.069780 0.567688
10.400000 0.497978 0.068377 0.566355
10.500000 0.498076 0.063309 0.561385
10.600000 0.498141 0.056902 0.555043
10.700000 0.498176 0.052116 0.550291
10.800000 0.498161 0.051157 0.549318
10.900000 0.498125 0.054443 0.552568
11.000000 0.498077 0.060399 0.558477
11.100000 0.497990 0.066203 0.564193
11.200000 0.497814 0.069118 0.566932
11.300000 0.497575 0.067765 0.565341
11.400000 0.497333 0.062774 0.560106
11.500000 0.497167 0.056482 0.553649
11.600000 0.496963 0.051830 0.548793
11.700000 0.496666 0.050981 0.547647
11.800000 0.496396 0.054307 0.550704
11.900000 0.496111 0.060221 0.556331
12.000000 0.495810 0.065934 0.561744
12.100000 0.495489 0.068773 0.564263
12.200000 0.495143 0.067431 0.562574
12.300000 0.494811 0.062577 0.557388
12.400000 0.494484 0.056538 0.551022
12.500000 0.494191 0.052195 0.546386
12.600000 0.493956 0.051623 0.545580
12.700000 0.493817 0.055112 0.548928
12.800000 0.493763 0.061031 0.554793
12.900000 0.493711 0.066602 0.560313
13.000000 0.493750 0.069193 0.562943
13.100000 0.493804 0.067540 0.561345
13.200000 0.493929 0.062346 0.556275
13.300000 0.494164 0.055952 0.550117
13.400000 0.494461 0.051240 0.545701
13.500000 0.494838 0.050272 0.545110
13.600000 0.495301 0.053328 0.548629
13.700000 0.495680 0.058795 0.554475
13.800000 0.496038 0.063927 0.559965
13.900000 0.496443 0.066150 0.562593
14.000000 0.496782 0.064277 0.561058
14.100000 0.497132 0.059063 0.556195
14.200000 0.497449 0.052849 0.550299
14.300000 0.497766 0.048465 0.546232
14.400000 0.497989 0.047893 0.545881
14.500000 0.498100 0.051331 0.549431
14.600000 0.498140 0.057115 0.555255
14.700000 0.498105 0.062488 0.560593
14.800000 0.497987 0.064900 0.562887
14.900000 0.497805 0.063201 0.561006
15.000000 0.497587 0.058172 0.555759
15.100000 0.497341 0.052156 0.549497
15.200000 0.497094 0.047947 0.545041
15.300000 0.496842 0.047479 0.544321
15.400000 0.496672 0.050922 0.547594
15.500000 0.496584 0.056602 0.553186
15.600000 0.496496 0.061798 0.558294
15.700000 0.496407 0.064030 0.560436
15.800000 0.496306 0.062222 0.558527
15.900000 0.496236 0.057213 0.553450
16.000000 0.496116 0.051370 0.547487
16.100000 0.495968 0.047463 0.543431
16.200000 0.495697 0.047366 0.543063
16.300000 0.495356 0.051175 0.546531
16.400000 0.494983 0.057158 0.552141
16.500000 0.494552 0.062572 0.557124
16.600000 0.494142 0.064936 0.559078
16.700000 0.493722 0.063197 0.556919
16.800000 0.493258 0.058221 0.551478
16.900000 0.492840 0.052374 0.545214
17.000000 0.492474 0.048411 0.540885
17.100000 0.492180 0.048183 0.540363
17.200000 0.491938 0.051767 0.543705
17.300000 0.491746 0.057438 0.549184
17.400000 0.491654 0.062485 0.554140
17.500000 0.491622 0.064487 0.556109
17.600000 0.491685 0.062454 0.554139
17.700000 0.491862 0.057297 0.549159
17.800000 0.492081 0.051405 0.543486
17.900000 0.492342 0.047517 0.539859
18.000000 0.492539 0.047443 0.539982
18.100000 0.492593 0.051214 0.543807
18.200000 0.492539 0.057064 0.549604
18.300000 0.492316 0.062265 0.554580
18.400000 0.491990 0.064397 0.556387
18.500000 0.491575 0.062490 0.554064
18.600000 0.491152 0.057472 0.548624
18.700000 0.490720 0.051726 0.542446
18.800000 0.490317 0.047967 0.538284
18.900000 0.489956 0.047964 0.537921
19.000000 0.489698 0.051703 0.541400
19.100000 0.489507 0.057398 0.546905
19.200000 0.489413 0.062341 0.551754
19.300000 0.489372 0.064172 0.553544
19.400000 0.489376 0.062001 0.551377
19.500000 0.489447 0.056827 0.546274
19.600000 0.489546 0.051071 0.540617
19.700000 0.489586 0.047437 0.537024
19.800000 0.489663 0.047636 0.537299
19.900000 0.489746 0.051573 0.541319
20.000000 0.489846 0.057391 0.547237
