0.100000 0.508542 0.060099 0.568641
0.200000 0.508026 0.067119 0.575145
0.300000 0.507502 0.073617 0.581119
0.400000 0.506998 0.076223 0.583221
0.500000 0.506481 0.073780 0.580262
0.600000 0.505929 0.067942 0.573871
0.700000 0.505345 0.062127 0.567472
0.800000 0.504694 0.059497 0.564190
0.900000 0.504010 0.061179 0.565189
1.000000 0.503221 0.065700 0.568920
1.100000 0.502449 0.069931 0.572380
1.200000 0.501741 0.071005 0.572746
1.300000 0.501169 0.068123 0.569292
1.400000 0.500858 0.063113 0.563971
1.500000 0.500800 0.059349 0.560149
1.600000 0.500855 0.059622 0.560477
1.700000 0.501127 0.064306 0.565434
1.800000 0.501524 0.071026 0.572551
1.900000 0.502038 0.076063 0.578102
2.000000 0.502629 0.076576 0.579205
2.100000 0.503277 0.072263 0.575540
2.200000 0.503854 0.065453 0.569307
2.300000 0.504394 0.059687 0.564081
2.400000 0.504743 0.057665 0.562408
2.500000 0.504968 0.059760 0.564727
2.600000 0.505030 0.063913 0.568943
2.700000 0.505003 0.066937 0.571940
2.800000 0.504962 0.066491 0.571453
2.900000 0.504946 0.062586 0.567532
3.000000 0.504987 0.057648 0.562635
3.100000 0.505000 0.055046 0.560046
3.200000 0.505071 0.056930 0.562001
3.300000 0.505263 0.062766 0.568029
3.400000 0.505476 0.069566 0.575042
3.500000 0.505697 0.073648 0.579345
3.600000 0.505971 0.072822 0.578793
3.700000 0.506179 0.067623 0.573803
3.800000 0.506307 0.060908 0.567215
3.900000 0.506207 0.056151 0.562358
4.000000 0.505847 0.055471 0.561319
4.100000 0.505300 0.058513 0.563813
4.200000 0.504633 0.062765 0.567398
4.300000 0.503974 0.065142 0.569116
4.400000 0.503396 0.063908 0.567304
4.500000 0.502969 0.059811 0.562779
4.600000 0.502568 0.055681 0.558249
4.700000 0.502416 0.054669 0.557085
4.800000 0.502361 0.058183 0.560544
4.900000 0.502302 0.064878 0.567180
5.000000 0.502253 0.071382 0.573635
5.100000 0.502206 0.074295 0.576501
5.200000 0.502126 0.072181 0.574307
5.300000 0.502049 0.066332 0.568381
5.400000 0.501788 0.059938 0.561726
5.500000 0.501431 0.056214 0.557646
5.600000 0.500890 0.056618 0.557507
5.700000 0.500282 0.060119 0.560402
5.800000 0.499594 0.063946 0.563540
5.900000 0.498934 0.065317 0.564251
6.000000 0.498391 0.063207 0.561598
6.100000 0.498007 0.059038 0.557045
6.200000 0.497808 0.055841 0.553649
6.300000 0.497783 0.056316 0.554099
6.400000 0.497952 0.061015 0.558967
6.500000 0.498258 0.067859 0.566117
6.600000 0.498735 0.073308 0.572043
6.700000 0.499350 0.074456 0.573806
6.800000 0.500071 0.070702 0.570773
6.900000 0.500704 0.064044 0.564747
7.000000 0.501221 0.057845 0.559066
7.100000 0.501532 0.054926 0.556459
7.200000 0.501595 0.056042 0.557637
7.300000 0.501465 0.059587 0.561052
7.400000 0.501166 0.062668 0.563834
7.500000 0.500804 0.062918 0.563721
7.600000 0.500488 0.059994 0.560482
7.700000 0.500263 0.055846 0.556108
7.800000 0.500166 0.053504 0.553670
7.900000 0.500246 0.055109 0.555355
8.000000 0.500531 0.060441 0.560972
8.100000 0.500907 0.066915 0.567821
8.200000 0.501461 0.071102 0.572563
8.300000 0.502102 0.070749 0.572851
8.400000 0.502595 0.066077 0.568672
8.500000 0.502957 0.059594 0.562551
8.600000 0.503115 0.054598 0.557713
8.700000 0.502931 0.053325 0.556256
8.800000 0.502512 0.055753 0.558265
8.900000 0.501904 0.059735 0.561639
9.000000 0.501194 0.062357 0.563551
9.100000 0.500495 0.061738 0.562233
9.200000 0.499941 0.058237 0.558178
9.300000 0.499563 0.054274 0.553837
9.400000 0.499332 0.052811 0.552143
9.500000 0.499308 0.055423 0.554731
9.600000 0.499490 0.061185 0.560675
9.700000 0.499811 0.067149 0.566959
9.800000 0.500247 0.070089 0.570336
9.900000 0.500720 0.068411 0.569131
10.000000 0.501240 0.063040 0.564280
10.100000 0.501643 0.056815 0.558458
10.200000 0.501874 0.052827 0.554701
10.300000 0.501932 0.052680 0.554612
10.400000 0.501807 0.055676 0.557483
10.500000 0.501486 0.059326 0.560812
10.600000 0.501075 0.060917 0.561991
10.700000 0.500606 0.059207 0.559813
10.800000 0.500204 0.055257 0.555461
10.900000 0.499860 0.051818 0.551678
11.000000 0.499599 0.051586 0.551185
11.100000 0.499447 0.055421 0.554868
11.200000 0.499364 0.061688 0.561052
11.300000 0.499339 0.067172 0.566511
11.400000 0.499427 0.068985 0.568412
11.500000 0.499586 0.066251 0.565836
11.600000 0.499702 0.060546 0.560249
11.700000 0.499693 0.054928 0.554621
11.800000 0.499528 0.052154 0.551682
11.900000 0.499181 0.053172 0.552353
12.000000 0.498677 0.056687 0.555363
12.100000 0.498026 0.060023 0.558050
12.200000 0.497376 0.060795 0.558171
12.300000 0.496798 0.058406 0.555204
12.400000 0.496315 0.054464 0.550779
12.500000 0.496059 0.051803 0.547862
12.600000 0.496049 0.052650 0.548699
12.700000 0.496256 0.057125 0.553381
12.800000 0.496723 0.063054 0.559777
12.900000 0.497324 0.067241 0.564564
13.000000 0.498042 0.067364 0.565405
13.100000 0.498791 0.063315 0.562106
13.200000 0.499457 0.057211 0.556667
13.300000 0.500051 0.052130 0.552180
13.400000 0.500490 0.050358 0.550848
13.500000 0.500729 0.052149 0.552878
13.600000 0.500822 0.055674 0.556495
13.700000 0.500742 0.058193 0.558935
13.800000 0.500632 0.057736 0.558368
13.900000 0.500597 0.054360 0.554956
14.000000 0.500621 0.050143 0.550764
14.100000 0.500780 0.047904 0.548684
14.200000 0.501050 0.049383 0.550432
14.300000 0.501442 0.054061 0.555502
14.400000 0.501946 0.059402 0.561348
14.500000 0.502501 0.062382 0.564883
14.600000 0.503108 0.061298 0.564406
14.700000 0.503595 0.056755 0.560351
14.800000 0.503860 0.051253 0.555113
14.900000 0.503959 0.047704 0.551663
15.000000 0.503671 0.047779 0.551450
15.100000 0.503189 0.050991 0.554181
15.200000 0.502521 0.055051 0.557572
15.300000 0.501720 0.057253 0.558973
15.400000 0.500961 0.056129 0.557090
15.500000 0.500317 0.052375 0.552692
15.600000 0.499843 0.048460 0.548303
15.700000 0.499492 0.047088 0.546580
15.800000 0.499313 0.049466 0.548779
15.900000 0.499303 0.054479 0.553782
16.000000 0.499394 0.059347 0.558741
16.100000 0.499600 0.061326 0.560926
16.200000 0.499771 0.059354 0.559125
16.300000 0.499904 0.054648 0.554552
16.400000 0.499822 0.049941 0.549763
16.500000 0.499557 0.047857 0.547414
16.600000 0.499083 0.049411 0.548494
16.700000 0.498460 0.053461 0.551920
16.800000 0.497685 0.057406 0.555091
16.900000 0.496884 0.058751 0.555635
17.000000 0.496208 0.056617 0.552825
17.100000 0.495652 0.052332 0.547984
17.200000 0.495303 0.048636 0.543940
17.300000 0.495149 0.047986 0.543135
17.400000 0.495167 0.050970 0.546137
17.500000 0.495417 0.055908 0.551326
17.600000 0.495841 0.059882 0.555723
17.700000 0.496383 0.060533 0.556916
17.800000 0.496963 0.057480 0.554442
17.900000 0.497448 0.052500 0.549948
18.000000 0.497771 0.048438 0.546209
18.100000 0.497808 0.047533 0.545342
18.200000 0.497572 0.050138 0.547710
18.300000 0.497129 0.054535 0.551664
18.400000 0.496521 0.057959 0.554480
18.500000 0.495824 0.058244 0.554068
18.600000 0.495258 0.055149 0.550407
18.700000 0.494827 0.050544 0.545371
18.800000 0.494579 0.047283 0.541862
18.900000 0.494626 0.047422 0.542049
19.000000 0.494843 0.050910 0.545753
19.100000 0.495296 0.055606 0.550902
19.200000 0.495828 0.058629 0.554457
19.300000 0.496420 0.058134 0.554555
19.400000 0.496919 0.054419 0.551338
19.500000 0.497236 0.049698 0.546934
19.600000 0.497339 0.046758 0.544097
19.700000 0.497212 0.047315 0.544527
19.800000 0.496760 0.051023 0.547783
19.900000 0.496168 0.055670 0.551838
20.000000 0.495466 0.058462 0.553928
