0.050000 0.508817 0.057587 0.566404
0.100000 0.508550 0.060253 0.568803
0.150000 0.508296 0.064128 0.572424
0.200000 0.508040 0.069166 0.577206
0.250000 0.507812 0.075301 0.583113
0.300000 0.507605 0.082453 0.590059
0.350000 0.507459 0.090530 0.597989
0.400000 0.507357 0.099425 0.606782
0.450000 0.507301 0.109021 0.616322
0.500000 0.507324 0.119193 0.626517
0.550000 0.507474 0.129810 0.637284
0.600000 0.507732 0.140742 0.648474
0.650000 0.508155 0.151853 0.660008
0.700000 0.508730 0.163013 0.671743
0.750000 0.509401 0.174096 0.683497
0.800000 0.510271 0.184980 0.695251
0.850000 0.511300 0.195549 0.706849
0.900000 0.512434 0.205699 0.718133
0.950000 0.513751 0.215331 0.729082
1.000000 0.515214 0.224354 0.739568
1.050000 0.516778 0.232691 0.749470
1.100000 0.518449 0.240271 0.758720
1.150000 0.520273 0.247036 0.767309
1.200000 0.522206 0.252937 0.775143
1.250000 0.524253 0.257936 0.782189
1.300000 0.526414 0.262006 0.788419
1.350000 0.528705 0.265128 0.793833
1.400000 0.531049 0.267298 0.798347
1.450000 0.533494 0.268519 0.802013
1.500000 0.535947 0.268803 0.804750
1.550000 0.538426 0.268172 0.806598
1.600000 0.540982 0.266657 0.807638
1.650000 0.543523 0.264293 0.807816
1.700000 0.546077 0.261124 0.807201
1.750000 0.548629 0.257197 0.805826
1.800000 0.551108 0.252564 0.803672
1.850000 0.553598 0.247275 0.800873
1.900000 0.556131 0.241388 0.797519
1.950000 0.558533 0.234959 0.793492
2.000000 0.560902 0.228048 0.788950
2.050000 0.563275 0.220718 0.783993
2.100000 0.565572 0.213030 0.778602
2.150000 0.567824 0.205048 0.772872
2.200000 0.570096 0.196839 0.766935
2.250000 0.572313 0.188467 0.760779
2.300000 0.574439 0.179997 0.754436
2.350000 0.576500 0.171494 0.747995
2.400000 0.578514 0.163022 0.741537
2.450000 0.580418 0.154645 0.735063
2.500000 0.582222 0.146425 0.728647
2.550000 0.583848 0.138424 0.722272
2.600000 0.585353 0.130701 0.716054
2.650000 0.586713 0.123311 0.710024
2.700000 0.587890 0.116304 0.704194
2.750000 0.588907 0.109724 0.698631
2.800000 0.589721 0.103608 0.693329
2.850000 0.590369 0.097984 0.688353
2.900000 0.590793 0.092874 0.683667
2.950000 0.591081 0.088297 0.679378
3.000000 0.591216 0.084268 0.675484
3.050000 0.591184 0.080797 0.671981
3.100000 0.591021 0.077890 0.668911
3.150000 0.590709 0.075553 0.666261
3.200000 0.590277 0.073785 0.664061
3.250000 0.589812 0.072585 0.662397
3.300000 0.589158 0.071950 0.661108
3.350000 0.588389 0.071870 0.660259
3.400000 0.587482 0.072334 0.659816
3.450000 0.586438 0.073326 0.659764
3.500000 0.585296 0.074825 0.660121
3.550000 0.584050 0.076805 0.660854
3.600000 0.582707 0.079237 0.661945
3.650000 0.581215 0.082088 0.663304
3.700000 0.579693 0.085322 0.665015
3.750000 0.578091 0.088897 0.666988
3.800000 0.576408 0.092771 0.669179
3.850000 0.574634 0.096899 0.671533
3.900000 0.572842 0.101232 0.674074
3.950000 0.570973 0.105720 0.676693
4.000000 0.569095 0.110309 0.679405
4.050000 0.567173 0.114949 0.682122
4.100000 0.565264 0.119584 0.684848
4.150000 0.563401 0.124160 0.687561
4.200000 0.561598 0.128627 0.690225
4.250000 0.559729 0.132933 0.692662
4.300000 0.557904 0.137029 0.694933
4.350000 0.556137 0.140867 0.697004
4.400000 0.554404 0.144401 0.698806
4.450000 0.552690 0.147591 0.700281
4.500000 0.551004 0.150395 0.701399
4.550000 0.549309 0.152776 0.702085
4.600000 0.547638 0.154701 0.702339
4.650000 0.545963 0.156141 0.702104
4.700000 0.544323 0.157071 0.701394
4.750000 0.542706 0.157469 0.700175
4.800000 0.541028 0.157315 0.698343
4.850000 0.539468 0.156599 0.696067
4.900000 0.537924 0.155314 0.693238
4.950000 0.536427 0.153459 0.689887
5.000000 0.534979 0.151043 0.686023
5.050000 0.533608 0.148081 0.681688
5.100000 0.532329 0.144598 0.676928
5.150000 0.531159 0.140630 0.671789
5.200000 0.530042 0.136218 0.666260
5.250000 0.529058 0.131415 0.660473
5.300000 0.528200 0.126284 0.654484
5.350000 0.527401 0.120895 0.648296
5.400000 0.526728 0.115325 0.642053
5.450000 0.526147 0.109659 0.635807
5.500000 0.525632 0.103989 0.629621
5.550000 0.525152 0.098407 0.623559
5.600000 0.524779 0.093011 0.617790
5.650000 0.524494 0.087895 0.612388
5.700000 0.524232 0.083156 0.607388
5.750000 0.523968 0.078889 0.602856
5.800000 0.523771 0.075179 0.598951
5.850000 0.523585 0.072112 0.595697
5.900000 0.523429 0.069763 0.593192
5.950000 0.523314 0.068197 0.591511
6.000000 0.523249 0.067471 0.590719
6.050000 0.523158 0.067627 0.590785
6.100000 0.523093 0.068699 0.591791
6.150000 0.523055 0.070703 0.593758
6.200000 0.523034 0.073648 0.596682
6.250000 0.523061 0.077525 0.600587
6.300000 0.523093 0.082315 0.605408
6.350000 0.523128 0.087980 0.611108
6.400000 0.523212 0.094475 0.617687
6.450000 0.523325 0.101740 0.625065
6.500000 0.523453 0.109700 0.633153
6.550000 0.523637 0.118274 0.641911
6.600000 0.523906 0.127375 0.651280
6.650000 0.524286 0.136907 0.661193
6.700000 0.524841 0.146774 0.671614
6.750000 0.525532 0.156875 0.682407
6.800000 0.526414 0.167108 0.693522
6.850000 0.527422 0.177366 0.704788
6.900000 0.528683 0.187546 0.716228
6.950000 0.530148 0.197558 0.727706
7.000000 0.531710 0.207365 0.739075
7.050000 0.533171 0.216998 0.750169
7.100000 0.534440 0.226423 0.760863
7.150000 0.535649 0.235468 0.771117
7.200000 0.537008 0.243974 0.780982
7.250000 0.538591 0.251851 0.790442
7.300000 0.540361 0.259052 0.799413
7.350000 0.542311 0.265541 0.807852
7.400000 0.544426 0.271287 0.815713
7.450000 0.546700 0.276265 0.822965
7.500000 0.549056 0.280459 0.829516
7.550000 0.551585 0.283857 0.835442
7.600000 0.554208 0.286455 0.840663
7.650000 0.556899 0.288253 0.845152
7.700000 0.559690 0.289252 0.848942
7.750000 0.562602 0.289454 0.852057
7.800000 0.565613 0.288867 0.854480
7.850000 0.568691 0.287511 0.856202
7.900000 0.571864 0.285421 0.857285
7.950000 0.575044 0.282643 0.857687
8.000000 0.578220 0.279218 0.857438
8.050000 0.581488 0.275170 0.856658
8.100000 0.584786 0.270543 0.855330
8.150000 0.588008 0.265427 0.853436
8.200000 0.591040 0.259916 0.850955
8.250000 0.593865 0.254040 0.847906
8.300000 0.596612 0.247841 0.844452
8.350000 0.599031 0.241437 0.840468
8.400000 0.601127 0.234900 0.836027
8.450000 0.603070 0.228167 0.831237
8.500000 0.605076 0.221190 0.826266
8.550000 0.607228 0.214001 0.821229
8.600000 0.609392 0.206683 0.816075
8.650000 0.611419 0.199331 0.810750
8.700000 0.613326 0.192003 0.805329
8.750000 0.615140 0.184725 0.799865
8.800000 0.616902 0.177512 0.794414
8.850000 0.618593 0.170391 0.788984
8.900000 0.620220 0.163415 0.783635
8.950000 0.621676 0.156647 0.778324
9.000000 0.622985 0.150138 0.773123
9.050000 0.624082 0.143923 0.768004
9.100000 0.625046 0.138029 0.763075
9.150000 0.625838 0.132460 0.758299
9.200000 0.626561 0.127196 0.753757
9.250000 0.627290 0.122219 0.749509
9.300000 0.627949 0.117533 0.745482
9.350000 0.628578 0.113154 0.741732
9.400000 0.629260 0.109105 0.738365
9.450000 0.629893 0.105403 0.735296
9.500000 0.630433 0.102063 0.732496
9.550000 0.630894 0.099107 0.730001
9.600000 0.631183 0.096563 0.727746
9.650000 0.631248 0.094448 0.725697
9.700000 0.631114 0.092747 0.723861
9.750000 0.630866 0.091428 0.722294
9.800000 0.630563 0.090462 0.721025
9.850000 0.630112 0.089834 0.719946
9.900000 0.629589 0.089530 0.719119
9.950000 0.628887 0.089533 0.718420
10.000000 0.628205 0.089822 0.718027
