0.100000 0.508457 0.058811 0.567268
0.200000 0.507686 0.063920 0.571607
0.300000 0.506753 0.067152 0.573905
0.400000 0.505714 0.065911 0.571625
0.500000 0.504640 0.061709 0.566348
0.600000 0.503576 0.058735 0.562312
0.700000 0.502634 0.060008 0.562642
0.800000 0.501898 0.064585 0.566483
0.900000 0.501326 0.068447 0.569772
1.000000 0.500947 0.068197 0.569144
1.100000 0.500726 0.064185 0.564911
1.200000 0.500601 0.060186 0.560787
1.300000 0.500558 0.059922 0.560480
1.400000 0.500641 0.063640 0.564281
1.500000 0.500785 0.067881 0.568666
1.600000 0.500925 0.068660 0.569586
1.700000 0.501057 0.065126 0.566183
1.800000 0.501138 0.060343 0.561480
1.900000 0.501238 0.058487 0.559725
2.000000 0.501323 0.061013 0.562336
2.100000 0.501440 0.065348 0.566788
2.200000 0.501613 0.067275 0.568888
2.300000 0.501853 0.064812 0.566666
2.400000 0.502209 0.060030 0.562239
2.500000 0.502629 0.057126 0.559755
2.600000 0.503097 0.058560 0.561656
2.700000 0.503553 0.062780 0.566333
2.800000 0.504057 0.065652 0.569709
2.900000 0.504492 0.064258 0.568750
3.000000 0.504845 0.059587 0.564432
3.100000 0.505059 0.055634 0.560694
3.200000 0.505144 0.055749 0.560894
3.300000 0.505105 0.059583 0.564689
3.400000 0.505029 0.063429 0.568458
3.500000 0.504814 0.063647 0.568461
3.600000 0.504576 0.060003 0.564579
3.700000 0.504287 0.055874 0.560161
3.800000 0.504022 0.055117 0.559140
3.900000 0.503745 0.058509 0.562253
4.000000 0.503439 0.063007 0.566446
4.100000 0.503126 0.064533 0.567658
4.200000 0.502890 0.061697 0.564588
4.300000 0.502726 0.057067 0.559793
4.400000 0.502596 0.054800 0.557396
4.500000 0.502496 0.056837 0.559333
4.600000 0.502398 0.061154 0.563551
4.700000 0.502400 0.063653 0.566054
4.800000 0.502253 0.061970 0.564224
4.900000 0.502005 0.057657 0.559662
5.000000 0.501582 0.054758 0.556340
5.100000 0.501079 0.056082 0.557161
5.200000 0.500511 0.060600 0.561111
5.300000 0.499934 0.064360 0.564294
5.400000 0.499371 0.064091 0.563462
5.500000 0.498886 0.060188 0.559074
5.600000 0.498421 0.056320 0.554742
5.700000 0.498086 0.056061 0.554147
5.800000 0.497841 0.059619 0.557460
5.900000 0.497640 0.063674 0.561315
6.000000 0.497509 0.064453 0.561961
6.100000 0.497476 0.061210 0.558686
6.200000 0.497470 0.056918 0.554388
6.300000 0.497506 0.055525 0.553030
6.400000 0.497472 0.058318 0.555790
6.500000 0.497459 0.062733 0.560192
6.600000 0.497426 0.064695 0.562122
6.700000 0.497430 0.062354 0.559784
6.800000 0.497495 0.057769 0.555263
6.900000 0.497597 0.055012 0.552609
7.000000 0.497731 0.056431 0.554162
7.100000 0.497929 0.060514 0.558443
7.200000 0.498166 0.063303 0.561469
7.300000 0.498394 0.062050 0.560444
7.400000 0.498668 0.057748 0.556416
7.500000 0.498917 0.054218 0.553135
7.600000 0.499142 0.054586 0.553728
7.700000 0.499341 0.058403 0.557744
7.800000 0.499516 0.062051 0.561566
7.900000 0.499645 0.062054 0.561699
8.000000 0.499818 0.058268 0.558086
8.100000 0.499933 0.054003 0.553936
8.200000 0.500024 0.052992 0.553016
8.300000 0.500103 0.055970 0.556073
8.400000 0.500073 0.060026 0.560099
8.500000 0.500030 0.061302 0.561333
8.600000 0.499936 0.058548 0.558484
8.700000 0.499778 0.054274 0.554053
8.800000 0.499564 0.052429 0.551993
8.900000 0.499377 0.054757 0.554135
9.000000 0.499136 0.059181 0.558318
9.100000 0.498881 0.061686 0.560567
9.200000 0.498612 0.060001 0.558613
9.300000 0.498400 0.055676 0.554076
9.400000 0.498177 0.052651 0.550828
9.500000 0.497954 0.053640 0.551593
9.600000 0.497806 0.057653 0.555459
9.700000 0.497618 0.060917 0.558535
9.800000 0.497544 0.060357 0.557901
9.900000 0.497491 0.056427 0.553918
10.000000 0.497493 0.052690 0.550182
10.100000 0.497546 0.052531 0.550077
10.200000 0.497597 0.056041 0.553638
10.300000 0.497751 0.059923 0.557675
10.400000 0.497804 0.060520 0.558323
10.500000 0.497861 0.057167 0.555028
10.600000 0.497896 0.052805 0.550701
10.700000 0.497895 0.051280 0.549175
10.800000 0.497857 0.053823 0.551681
10.900000 0.497788 0.057949 0.555737
11.000000 0.497727 0.059761 0.557488
11.100000 0.497563 0.057546 0.555109
11.200000 0.497360 0.053356 0.550717
11.300000 0.497048 0.051104 0.548152
11.400000 0.496780 0.052950 0.549730
11.500000 0.496557 0.057299 0.553856
11.600000 0.496302 0.060248 0.556550
11.700000 0.496068 0.059157 0.555225
11.800000 0.495836 0.055051 0.550887
11.900000 0.495557 0.051675 0.547231
12.000000 0.495296 0.052061 0.547357
12.100000 0.495074 0.055769 0.550843
12.200000 0.494846 0.059318 0.554165
12.300000 0.494612 0.059417 0.554029
12.400000 0.494391 0.055990 0.550381
12.500000 0.494231 0.052241 0.546472
12.600000 0.494128 0.051680 0.545808
12.700000 0.494100 0.054872 0.548972
12.800000 0.494150 0.058905 0.553055
12.900000 0.494176 0.060047 0.554223
13.000000 0.494269 0.057161 0.551430
13.100000 0.494349 0.052732 0.547081
13.200000 0.494448 0.050594 0.545042
13.300000 0.494660 0.052422 0.547082
13.400000 0.494886 0.056231 0.551117
13.500000 0.495193 0.058225 0.553418
13.600000 0.495534 0.056313 0.551848
13.700000 0.495867 0.052046 0.547912
13.800000 0.496182 0.049176 0.545358
13.900000 0.496495 0.050204 0.546699
14.000000 0.496728 0.054055 0.550783
14.100000 0.497004 0.057056 0.554059
14.200000 0.497204 0.056287 0.553491
14.300000 0.497341 0.052262 0.549603
14.400000 0.497423 0.048451 0.545874
14.500000 0.497403 0.048109 0.545512
14.600000 0.497306 0.051309 0.548615
14.700000 0.497205 0.054917 0.552121
14.800000 0.497017 0.055489 0.552506
14.900000 0.496855 0.052455 0.549310
15.000000 0.496663 0.048626 0.545288
15.100000 0.496551 0.047585 0.544136
15.200000 0.496472 0.050366 0.546838
15.300000 0.496431 0.054465 0.550896
15.400000 0.496462 0.056114 0.552576
15.500000 0.496568 0.053724 0.550292
15.600000 0.496693 0.049341 0.546034
15.700000 0.496823 0.046773 0.543596
15.800000 0.496915 0.048122 0.545037
15.900000 0.496943 0.051890 0.548834
16.000000 0.496976 0.054411 0.551387
16.100000 0.496947 0.053233 0.550181
16.200000 0.496736 0.049405 0.546141
16.300000 0.496504 0.046490 0.542994
16.400000 0.496184 0.047283 0.543467
16.500000 0.495841 0.051209 0.547049
16.600000 0.495466 0.054821 0.550287
16.700000 0.495058 0.054950 0.550008
16.800000 0.494586 0.051597 0.546183
16.900000 0.494066 0.047925 0.541991
17.000000 0.493574 0.047360 0.540934
17.100000 0.493074 0.050458 0.543532
17.200000 0.492630 0.054413 0.547043
17.300000 0.492239 0.055653 0.547892
17.400000 0.491898 0.053123 0.545021
17.500000 0.491677 0.049251 0.540929
17.600000 0.491582 0.047698 0.539281
17.700000 0.491591 0.049968 0.541559
17.800000 0.491658 0.054007 0.545665
17.900000 0.491787 0.056077 0.547864
18.000000 0.491950 0.054187 0.546137
18.100000 0.492075 0.049933 0.542008
18.200000 0.492138 0.047052 0.539189
18.300000 0.492081 0.048016 0.540097
18.400000 0.491887 0.051795 0.543682
18.500000 0.491622 0.054835 0.546457
18.600000 0.491258 0.054343 0.545601
18.700000 0.490872 0.050854 0.541727
18.800000 0.490448 0.047729 0.538177
18.900000 0.490041 0.048029 0.538070
19.000000 0.489754 0.051666 0.541421
19.100000 0.489569 0.055440 0.545010
19.200000 0.489467 0.055943 0.545410
19.300000 0.489511 0.052678 0.542188
19.400000 0.489647 0.048512 0.538159
19.500000 0.489859 0.047064 0.536923
19.600000 0.490073 0.049413 0.539487
19.700000 0.490261 0.053141 0.543401
19.800000 0.490476 0.054584 0.545060
19.900000 0.490640 0.052232 0.542872
20.000000 0.490846 0.048123 0.538970
