0.100000 0.508518 0.059801 0.568319
0.200000 0.507925 0.066572 0.574497
0.300000 0.507276 0.072926 0.580201
0.400000 0.506612 0.075507 0.582119
0.500000 0.505902 0.073133 0.579035
0.600000 0.505157 0.067425 0.572581
0.700000 0.504451 0.061792 0.566242
0.800000 0.503766 0.059398 0.563165
0.900000 0.503100 0.061348 0.564447
1.000000 0.502429 0.066103 0.568532
1.100000 0.501828 0.070467 0.572295
1.200000 0.501331 0.071553 0.572884
1.300000 0.500912 0.068583 0.569496
1.400000 0.500716 0.063427 0.564143
1.500000 0.500714 0.059484 0.560197
1.600000 0.500786 0.059558 0.560344
1.700000 0.501013 0.064053 0.565067
1.800000 0.501334 0.070635 0.571970
1.900000 0.501685 0.075612 0.577297
2.000000 0.502120 0.076135 0.578255
2.100000 0.502569 0.071866 0.574434
2.200000 0.503004 0.065122 0.568126
2.300000 0.503419 0.059461 0.562880
2.400000 0.503779 0.057598 0.561377
2.500000 0.504058 0.059888 0.563946
2.600000 0.504289 0.064212 0.568501
2.700000 0.504420 0.067321 0.571741
2.800000 0.504534 0.066859 0.571393
2.900000 0.504647 0.062863 0.567511
3.000000 0.504756 0.057800 0.562556
3.100000 0.504816 0.055060 0.559876
3.200000 0.504911 0.056809 0.561719
3.300000 0.505031 0.062537 0.567568
3.400000 0.505157 0.069282 0.574439
3.500000 0.505220 0.073362 0.578582
3.600000 0.505284 0.072551 0.577835
3.700000 0.505306 0.067356 0.572662
3.800000 0.505275 0.060645 0.565920
3.900000 0.505089 0.055931 0.561021
4.000000 0.504749 0.055364 0.560113
4.100000 0.504321 0.058557 0.562879
4.200000 0.503817 0.062933 0.566750
4.300000 0.503328 0.065349 0.568677
4.400000 0.502884 0.064066 0.566950
4.500000 0.502506 0.059873 0.562380
4.600000 0.502291 0.055654 0.557945
4.700000 0.502201 0.054590 0.556791
4.800000 0.502073 0.058104 0.560177
4.900000 0.501961 0.064850 0.566812
5.000000 0.501769 0.071437 0.573207
5.100000 0.501572 0.074413 0.575984
5.200000 0.501314 0.072289 0.573603
5.300000 0.501047 0.066344 0.567391
5.400000 0.500674 0.059818 0.560492
5.500000 0.500277 0.056004 0.556281
5.600000 0.499736 0.056401 0.556137
5.700000 0.499225 0.059954 0.559178
5.800000 0.498735 0.063822 0.562558
5.900000 0.498264 0.065178 0.563442
6.000000 0.497925 0.063008 0.560933
6.100000 0.497720 0.058790 0.556511
6.200000 0.497579 0.055610 0.553189
6.300000 0.497621 0.056188 0.553809
6.400000 0.497732 0.061075 0.558807
6.500000 0.497938 0.068152 0.566090
6.600000 0.498217 0.073814 0.572031
6.700000 0.498578 0.075068 0.573646
6.800000 0.499036 0.071263 0.570298
6.900000 0.499408 0.064414 0.563822
7.000000 0.499693 0.057979 0.557672
7.100000 0.499897 0.054881 0.554778
7.200000 0.499970 0.055918 0.555888
7.300000 0.499938 0.059447 0.559385
7.400000 0.499809 0.062510 0.562319
7.500000 0.499666 0.062709 0.562375
7.600000 0.499551 0.059740 0.559291
7.700000 0.499507 0.055622 0.555129
7.800000 0.499564 0.053439 0.553003
7.900000 0.499723 0.055337 0.555060
8.000000 0.500040 0.061046 0.561085
8.100000 0.500409 0.067888 0.568296
8.200000 0.500908 0.072307 0.573215
8.300000 0.501449 0.071944 0.573393
8.400000 0.501826 0.066987 0.568814
8.500000 0.502100 0.060021 0.562121
8.600000 0.502184 0.054493 0.556677
8.700000 0.501999 0.052780 0.554779
8.800000 0.501678 0.054921 0.556599
8.900000 0.501211 0.058741 0.559952
9.000000 0.500673 0.061277 0.561950
9.100000 0.500136 0.060644 0.560780
9.200000 0.499664 0.057247 0.556911
9.300000 0.499312 0.053570 0.552883
9.400000 0.499066 0.052600 0.551666
9.500000 0.498959 0.055865 0.554824
9.600000 0.498978 0.062331 0.561310
9.700000 0.499091 0.068890 0.567981
9.800000 0.499255 0.072148 0.571403
9.900000 0.499508 0.070400 0.569908
10.000000 0.499802 0.064584 0.564386
10.100000 0.500048 0.057682 0.557730
10.200000 0.500176 0.052987 0.553163
10.300000 0.500267 0.052272 0.552539
10.400000 0.500159 0.054898 0.555057
10.500000 0.499931 0.058347 0.558278
10.600000 0.499642 0.059861 0.559503
10.700000 0.499323 0.058203 0.557526
10.800000 0.499010 0.054487 0.553496
10.900000 0.498755 0.051516 0.550271
11.000000 0.498521 0.051984 0.550505
11.100000 0.498350 0.056666 0.555016
11.200000 0.498236 0.063765 0.562001
11.300000 0.498120 0.069862 0.567982
11.400000 0.498072 0.071883 0.569955
11.500000 0.498039 0.068857 0.566896
11.600000 0.498035 0.062430 0.560465
11.700000 0.497951 0.055857 0.553808
11.800000 0.497804 0.052138 0.549941
11.900000 0.497515 0.052394 0.549909
12.000000 0.497119 0.055390 0.552508
12.100000 0.496686 0.058431 0.555116
12.200000 0.496214 0.059110 0.555324
12.300000 0.495777 0.056857 0.552634
12.400000 0.495392 0.053344 0.548737
12.500000 0.495163 0.051440 0.546602
12.600000 0.495083 0.053326 0.548409
12.700000 0.495202 0.058975 0.554177
12.800000 0.495479 0.065988 0.561467
12.900000 0.495790 0.070913 0.566703
13.000000 0.496186 0.071226 0.567412
13.100000 0.496519 0.066758 0.563278
13.200000 0.496886 0.059745 0.556631
13.300000 0.497165 0.053516 0.550681
13.400000 0.497395 0.050628 0.548022
13.500000 0.497541 0.051513 0.549055
13.600000 0.497674 0.054413 0.552087
13.700000 0.497749 0.056591 0.554340
13.800000 0.497858 0.056098 0.553955
13.900000 0.498003 0.053045 0.551048
14.000000 0.498157 0.049576 0.547733
14.100000 0.498390 0.048506 0.546896
14.200000 0.498695 0.051451 0.550146
14.300000 0.499022 0.057654 0.556675
14.400000 0.499384 0.064266 0.563651
14.500000 0.499718 0.067961 0.567679
14.600000 0.499935 0.066843 0.566778
14.700000 0.500085 0.061517 0.561602
14.800000 0.500008 0.054691 0.554698
14.900000 0.499751 0.049601 0.549352
15.000000 0.499346 0.048228 0.547574
15.100000 0.498797 0.050291 0.549088
15.200000 0.498158 0.053589 0.551747
15.300000 0.497552 0.055453 0.553005
15.400000 0.496993 0.054449 0.551442
15.500000 0.496580 0.051319 0.547899
15.600000 0.496363 0.048533 0.544896
15.700000 0.496325 0.048693 0.545019
15.800000 0.496439 0.052778 0.549217
15.900000 0.496610 0.059357 0.555967
16.000000 0.496929 0.065311 0.562240
16.100000 0.497272 0.067621 0.564892
16.200000 0.497605 0.065103 0.562708
16.300000 0.497799 0.059069 0.556868
16.400000 0.497839 0.052534 0.550373
16.500000 0.497739 0.048491 0.546230
16.600000 0.497461 0.048286 0.545747
16.700000 0.497025 0.050998 0.548023
16.800000 0.496399 0.054139 0.550538
16.900000 0.495796 0.055265 0.551061
17.000000 0.495132 0.053545 0.548676
17.100000 0.494507 0.050316 0.544823
17.200000 0.494001 0.048249 0.542250
17.300000 0.493611 0.049605 0.543216
17.400000 0.493363 0.054677 0.548040
17.500000 0.493260 0.061428 0.554688
17.600000 0.493320 0.066596 0.559917
17.700000 0.493463 0.067585 0.561047
17.800000 0.493633 0.063951 0.557584
17.900000 0.493769 0.057631 0.551401
18.000000 0.493633 0.051795 0.545428
18.100000 0.493348 0.049061 0.542409
18.200000 0.492981 0.050086 0.543067
18.300000 0.492434 0.053337 0.545771
18.400000 0.491847 0.056137 0.547984
18.500000 0.491312 0.056369 0.547681
18.600000 0.490895 0.053831 0.544726
18.700000 0.490625 0.050391 0.541016
18.800000 0.490606 0.048808 0.539414
18.900000 0.490767 0.050921 0.541688
19.000000 0.491129 0.056354 0.547483
19.100000 0.491701 0.062587 0.554288
19.200000 0.492375 0.066389 0.558764
19.300000 0.493102 0.065694 0.558797
19.400000 0.493723 0.060793 0.554517
19.500000 0.494255 0.054135 0.548390
19.600000 0.494620 0.048899 0.543518
19.700000 0.494791 0.047218 0.542009
19.800000 0.494719 0.049067 0.543787
19.900000 0.494427 0.052420 0.546846
20.000000 0.494023 0.054577 0.548600
