0.100000 0.508518 0.059837 0.568355
0.200000 0.507929 0.067042 0.574970
0.300000 0.507292 0.074816 0.582108
0.400000 0.506664 0.079904 0.586568
0.500000 0.506029 0.080267 0.586296
0.600000 0.505395 0.075977 0.581372
0.700000 0.504843 0.069130 0.573973
0.800000 0.504367 0.062837 0.567204
0.900000 0.503894 0.059802 0.563696
1.000000 0.503364 0.061127 0.564491
1.100000 0.502842 0.065863 0.568705
1.200000 0.502329 0.071479 0.573808
1.300000 0.501813 0.075071 0.576884
1.400000 0.501421 0.074746 0.576167
1.500000 0.501192 0.070556 0.571748
1.600000 0.501035 0.064528 0.565563
1.700000 0.500977 0.059726 0.560703
1.800000 0.501018 0.058760 0.559778
1.900000 0.501145 0.062469 0.563613
2.000000 0.501390 0.069446 0.570836
2.100000 0.501784 0.076681 0.578466
2.200000 0.502272 0.080968 0.583240
2.300000 0.502962 0.080388 0.583350
2.400000 0.503707 0.075154 0.578861
2.500000 0.504490 0.067450 0.571939
2.600000 0.505207 0.060411 0.565618
2.700000 0.505745 0.056707 0.562452
2.800000 0.506128 0.057390 0.563518
2.900000 0.506268 0.061490 0.567758
3.000000 0.506229 0.066515 0.572744
3.100000 0.506001 0.069649 0.575649
3.200000 0.505641 0.069105 0.574746
3.300000 0.505267 0.065026 0.570293
3.400000 0.504910 0.059455 0.564365
3.500000 0.504534 0.055380 0.559914
3.600000 0.504230 0.055253 0.559484
3.700000 0.504026 0.059732 0.563759
3.800000 0.503935 0.067280 0.571215
3.900000 0.503919 0.074840 0.578759
4.000000 0.503937 0.079250 0.583186
4.100000 0.504071 0.078686 0.582757
4.200000 0.504223 0.073457 0.577680
4.300000 0.504366 0.065804 0.570170
4.400000 0.504435 0.058845 0.563281
4.500000 0.504427 0.055192 0.559619
4.600000 0.504235 0.055836 0.560071
4.700000 0.503943 0.059787 0.563730
4.800000 0.503464 0.064606 0.568070
4.900000 0.502857 0.067594 0.570452
5.000000 0.502080 0.067108 0.569188
5.100000 0.501299 0.063389 0.564687
5.200000 0.500534 0.058500 0.559033
5.300000 0.499844 0.055333 0.555177
5.400000 0.499227 0.056164 0.555391
5.500000 0.498798 0.061452 0.560250
5.600000 0.498529 0.069512 0.568042
5.700000 0.498459 0.077238 0.575697
5.800000 0.498576 0.081518 0.580095
5.900000 0.498836 0.080652 0.579487
6.000000 0.499199 0.075071 0.574270
6.100000 0.499629 0.067093 0.566722
6.200000 0.499899 0.059854 0.559753
6.300000 0.500057 0.055919 0.555975
6.400000 0.500010 0.056223 0.556233
6.500000 0.499804 0.059753 0.559557
6.600000 0.499469 0.064109 0.563579
6.700000 0.499090 0.066683 0.565773
6.800000 0.498732 0.065946 0.564678
6.900000 0.498416 0.062216 0.560632
7.000000 0.498252 0.057537 0.555789
7.100000 0.498241 0.054687 0.552928
7.200000 0.498354 0.055771 0.554125
7.300000 0.498634 0.061096 0.559731
7.400000 0.499074 0.068918 0.567992
7.500000 0.499631 0.076188 0.575819
7.600000 0.500275 0.079939 0.580213
7.700000 0.500958 0.078622 0.579580
7.800000 0.501614 0.072776 0.574390
7.900000 0.502191 0.064729 0.566921
8.000000 0.502614 0.057548 0.560163
8.100000 0.502827 0.053689 0.556516
8.200000 0.502789 0.053990 0.556778
8.300000 0.502642 0.057398 0.560040
8.400000 0.502263 0.061550 0.563813
8.500000 0.501783 0.063939 0.565723
8.600000 0.501249 0.063141 0.564390
8.700000 0.500697 0.059541 0.560239
8.800000 0.500240 0.055179 0.555419
8.900000 0.499910 0.052751 0.552662
9.000000 0.499661 0.054247 0.553908
9.100000 0.499572 0.059862 0.559433
9.200000 0.499615 0.067794 0.567409
9.300000 0.499803 0.075017 0.574820
9.400000 0.500045 0.078647 0.578692
9.500000 0.500331 0.077247 0.577578
9.600000 0.500609 0.071436 0.572045
9.700000 0.500787 0.063565 0.564352
9.800000 0.500861 0.056645 0.557507
9.900000 0.500840 0.053033 0.553873
10.000000 0.500705 0.053459 0.554165
10.100000 0.500485 0.056810 0.557294
10.200000 0.500178 0.060730 0.560908
10.300000 0.499957 0.062795 0.562752
10.400000 0.499687 0.061705 0.561393
10.500000 0.499452 0.057961 0.557413
10.600000 0.499276 0.053659 0.552935
10.700000 0.499133 0.051476 0.550610
10.800000 0.499053 0.053304 0.552358
10.900000 0.499030 0.059223 0.558253
11.000000 0.499089 0.067338 0.566427
11.100000 0.499110 0.074589 0.573699
11.200000 0.499159 0.078135 0.577294
11.300000 0.499169 0.076617 0.575786
11.400000 0.499171 0.070724 0.569894
11.500000 0.499130 0.062835 0.561965
11.600000 0.498998 0.055937 0.554935
11.700000 0.498743 0.052330 0.551073
11.800000 0.498364 0.052690 0.551054
11.900000 0.497839 0.055885 0.553724
12.000000 0.497255 0.059615 0.556870
12.100000 0.496711 0.061557 0.558268
12.200000 0.496190 0.060523 0.556713
12.300000 0.495740 0.057068 0.552808
12.400000 0.495423 0.053264 0.548687
12.500000 0.495276 0.051665 0.546940
12.600000 0.495304 0.053985 0.549289
12.700000 0.495538 0.060147 0.555685
12.800000 0.495913 0.068194 0.564107
12.900000 0.496341 0.075117 0.571458
13.000000 0.496808 0.078205 0.575013
13.100000 0.497317 0.076227 0.573544
13.200000 0.497734 0.069960 0.567694
13.300000 0.498148 0.061800 0.559948
13.400000 0.498494 0.054688 0.553182
13.500000 0.498763 0.050841 0.549604
13.600000 0.498967 0.050869 0.549836
13.700000 0.498962 0.053628 0.552591
13.800000 0.498949 0.056865 0.555814
13.900000 0.498887 0.058356 0.557243
14.000000 0.498793 0.057020 0.555813
14.100000 0.498732 0.053487 0.552219
14.200000 0.498706 0.049823 0.548530
14.300000 0.498666 0.048503 0.547169
14.400000 0.498678 0.051120 0.549798
14.500000 0.498724 0.057485 0.556209
14.600000 0.498777 0.065585 0.564362
14.700000 0.498870 0.072434 0.571305
14.800000 0.498915 0.075409 0.574324
14.900000 0.498991 0.073405 0.572396
15.000000 0.499035 0.067291 0.566326
15.100000 0.499018 0.059475 0.558493
15.200000 0.498903 0.052829 0.551732
15.300000 0.498692 0.049466 0.548157
15.400000 0.498354 0.049890 0.548245
15.500000 0.497967 0.052901 0.550868
15.600000 0.497548 0.056251 0.553799
15.700000 0.497085 0.057773 0.554858
15.800000 0.496785 0.056467 0.553252
15.900000 0.496542 0.053015 0.549557
16.000000 0.496466 0.049484 0.545950
16.100000 0.496499 0.048292 0.544791
16.200000 0.496620 0.050944 0.547564
16.300000 0.496805 0.057183 0.553988
16.400000 0.497041 0.064983 0.562024
16.500000 0.497355 0.071421 0.568776
16.600000 0.497691 0.073986 0.571676
16.700000 0.497987 0.071699 0.569686
16.800000 0.498182 0.065518 0.563700
16.900000 0.498226 0.057870 0.556096
17.000000 0.498073 0.051571 0.549643
17.100000 0.497740 0.048624 0.546364
17.200000 0.497204 0.049425 0.546630
17.300000 0.496577 0.052698 0.549275
17.400000 0.495854 0.056181 0.552035
17.500000 0.495159 0.057751 0.552909
17.600000 0.494476 0.056481 0.550957
17.700000 0.493963 0.053130 0.547093
17.800000 0.493541 0.049792 0.543334
17.900000 0.493232 0.048857 0.542088
18.000000 0.492988 0.051758 0.544745
18.100000 0.492844 0.058163 0.551008
18.200000 0.492813 0.066004 0.558817
18.300000 0.492827 0.072368 0.565194
18.400000 0.492922 0.074802 0.567724
18.500000 0.493057 0.072408 0.565465
18.600000 0.493211 0.066202 0.559413
18.700000 0.493380 0.058623 0.552002
18.800000 0.493528 0.052448 0.545977
18.900000 0.493578 0.049606 0.543184
19.000000 0.493568 0.050410 0.543977
19.100000 0.493496 0.053530 0.547027
19.200000 0.493388 0.056706 0.550094
19.300000 0.493254 0.057868 0.551122
19.400000 0.493140 0.056180 0.549320
19.500000 0.493075 0.052484 0.545559
19.600000 0.493122 0.048920 0.542041
19.700000 0.493260 0.047861 0.541120
19.800000 0.493397 0.050681 0.544078
19.900000 0.493626 0.056965 0.550591
20.000000 0.493835 0.064588 0.558423
