0.100000 0.508491 0.059528 0.568018
0.200000 0.507821 0.067733 0.575554
0.300000 0.507066 0.080423 0.587489
0.400000 0.506313 0.097032 0.603345
0.500000 0.505589 0.116813 0.622401
0.600000 0.504964 0.138873 0.643837
0.700000 0.504595 0.162247 0.666842
0.800000 0.504529 0.185945 0.690473
0.900000 0.504778 0.208994 0.713772
1.000000 0.505269 0.230485 0.735754
1.100000 0.505977 0.249596 0.755573
1.200000 0.506967 0.265621 0.772587
1.300000 0.508153 0.277996 0.786149
1.400000 0.509566 0.286326 0.795892
1.500000 0.511092 0.290386 0.801479
1.600000 0.512588 0.290123 0.802711
1.700000 0.514167 0.285651 0.799819
1.800000 0.515667 0.277239 0.792906
1.900000 0.517037 0.265269 0.782306
2.000000 0.518400 0.250218 0.768617
2.100000 0.519720 0.232650 0.752370
2.200000 0.521053 0.213217 0.734270
2.300000 0.522257 0.192627 0.714884
2.400000 0.523432 0.171607 0.695039
2.500000 0.524427 0.150876 0.675303
2.600000 0.525305 0.131128 0.656433
2.700000 0.525984 0.113012 0.638996
2.800000 0.526363 0.097110 0.623474
2.900000 0.526481 0.083908 0.610388
3.000000 0.526285 0.073776 0.600061
3.100000 0.525826 0.066964 0.592790
3.200000 0.525156 0.063594 0.588750
3.300000 0.524326 0.063666 0.587992
3.400000 0.523378 0.067062 0.590441
3.500000 0.522333 0.073558 0.595891
3.600000 0.521317 0.082824 0.604141
3.700000 0.520162 0.094433 0.614594
3.800000 0.518960 0.107872 0.626832
3.900000 0.517746 0.122548 0.640294
4.000000 0.516537 0.137812 0.654349
4.100000 0.515300 0.152974 0.668274
4.200000 0.514081 0.167328 0.681409
4.300000 0.512976 0.180182 0.693158
4.400000 0.511968 0.190895 0.702863
4.500000 0.511107 0.198905 0.710013
4.600000 0.510324 0.203755 0.714079
4.700000 0.509703 0.205125 0.714828
4.800000 0.509185 0.202854 0.712039
4.900000 0.508787 0.196956 0.705742
5.000000 0.508410 0.187640 0.696050
5.100000 0.508177 0.175304 0.683481
5.200000 0.507969 0.160537 0.668505
5.300000 0.507760 0.144096 0.651856
5.400000 0.507642 0.126888 0.634530
5.500000 0.507481 0.109915 0.617397
5.600000 0.507255 0.094237 0.601492
5.700000 0.506955 0.080902 0.587857
5.800000 0.506587 0.070898 0.577485
5.900000 0.506052 0.065092 0.571144
6.000000 0.505459 0.064189 0.569648
6.100000 0.504776 0.068678 0.573455
6.200000 0.504078 0.078791 0.582869
6.300000 0.503394 0.094482 0.597876
6.400000 0.502753 0.115446 0.618199
6.500000 0.502313 0.141134 0.643447
6.600000 0.502094 0.170796 0.672891
6.700000 0.502060 0.203548 0.705608
6.800000 0.502329 0.238354 0.740683
6.900000 0.502943 0.274033 0.776976
7.000000 0.504105 0.309398 0.813504
7.100000 0.505800 0.343358 0.849158
7.200000 0.507824 0.374948 0.882773
7.300000 0.509974 0.403385 0.913358
7.400000 0.511780 0.428024 0.939804
7.500000 0.513389 0.448177 0.961566
7.600000 0.515261 0.463127 0.978388
7.700000 0.517669 0.472439 0.990108
7.800000 0.520583 0.475991 0.996574
7.900000 0.523900 0.473862 0.997762
8.000000 0.527561 0.466314 0.993875
8.100000 0.531293 0.453848 0.985141
8.200000 0.534453 0.437216 0.971669
8.300000 0.537142 0.417010 0.954152
8.400000 0.539412 0.393755 0.933167
8.500000 0.541416 0.368166 0.909583
8.600000 0.543410 0.340779 0.884189
8.700000 0.545064 0.312496 0.857560
8.800000 0.545010 0.284732 0.829742
8.900000 0.544106 0.257718 0.801824
9.000000 0.543583 0.231469 0.775052
9.100000 0.543736 0.206364 0.750100
9.200000 0.544516 0.182946 0.727463
9.300000 0.545561 0.161734 0.707295
9.400000 0.546501 0.143242 0.689743
9.500000 0.546292 0.128124 0.674416
9.600000 0.544984 0.116522 0.661506
9.700000 0.543509 0.107937 0.651446
9.800000 0.542335 0.101970 0.644306
9.900000 0.541554 0.098495 0.640049
10.000000 0.540818 0.097344 0.638162
10.100000 0.540179 0.098170 0.638349
10.200000 0.539666 0.100548 0.640214
10.300000 0.539266 0.104043 0.643309
10.400000 0.538945 0.108262 0.647207
10.500000 0.538426 0.112831 0.651257
10.600000 0.537578 0.117355 0.654933
10.700000 0.536579 0.121393 0.657972
10.800000 0.535551 0.124501 0.660052
10.900000 0.534720 0.126310 0.661029
11.000000 0.534117 0.126578 0.660695
11.100000 0.533823 0.125213 0.659035
11.200000 0.533752 0.122264 0.656016
11.300000 0.533994 0.117895 0.651889
11.400000 0.534532 0.112405 0.646936
11.500000 0.535136 0.106316 0.641452
11.600000 0.535665 0.100236 0.635901
11.700000 0.536161 0.094692 0.630853
11.800000 0.536703 0.090357 0.627060
11.900000 0.537146 0.087987 0.625133
12.000000 0.537106 0.088390 0.625496
12.100000 0.536348 0.092301 0.628649
12.200000 0.535308 0.100057 0.635365
12.300000 0.534277 0.111887 0.646164
12.400000 0.533280 0.128020 0.661300
12.500000 0.532315 0.148538 0.680853
12.600000 0.531358 0.173288 0.704647
12.700000 0.530509 0.201902 0.732412
12.800000 0.529904 0.233793 0.763697
12.900000 0.529695 0.268218 0.797912
13.000000 0.529891 0.304364 0.834254
13.100000 0.530340 0.341430 0.871770
13.200000 0.530459 0.378773 0.909232
13.300000 0.530149 0.415465 0.945614
13.400000 0.530217 0.450138 0.980355
13.500000 0.530995 0.481799 1.012793
13.600000 0.532401 0.509709 1.042109
13.700000 0.534062 0.533292 1.067354
13.800000 0.535777 0.552127 1.087904
13.900000 0.537378 0.565889 1.103267
14.000000 0.539010 0.574267 1.113277
14.100000 0.540818 0.577087 1.117905
14.200000 0.542880 0.574403 1.117283
14.300000 0.545029 0.566487 1.111516
14.400000 0.546967 0.553790 1.100756
14.500000 0.548469 0.536820 1.085289
14.600000 0.550204 0.515846 1.066049
14.700000 0.552547 0.491228 1.043775
14.800000 0.555210 0.463778 1.018988
14.900000 0.557224 0.434660 0.991885
15.000000 0.558532 0.404534 0.963066
15.100000 0.559963 0.373738 0.933701
15.200000 0.561247 0.342965 0.904213
15.300000 0.561799 0.313154 0.874953
15.400000 0.559578 0.285887 0.845464
15.500000 0.557755 0.260019 0.817774
15.600000 0.557226 0.235526 0.792752
15.700000 0.557691 0.212846 0.770537
15.800000 0.558875 0.192402 0.751277
15.900000 0.557896 0.175749 0.733644
16.000000 0.557078 0.161797 0.718874
16.100000 0.556434 0.150429 0.706863
16.200000 0.553626 0.142794 0.696420
16.300000 0.551986 0.136960 0.688946
16.400000 0.551955 0.132481 0.684436
16.500000 0.552707 0.129439 0.682146
16.600000 0.553271 0.127952 0.681223
16.700000 0.552712 0.128122 0.680834
16.800000 0.552597 0.128794 0.681392
16.900000 0.553378 0.129324 0.682702
17.000000 0.554130 0.129819 0.683950
17.100000 0.553892 0.130476 0.684369
17.200000 0.553278 0.130763 0.684041
17.300000 0.553009 0.130123 0.683132
17.400000 0.552716 0.128774 0.681489
17.500000 0.551678 0.127163 0.678841
17.600000 0.551356 0.124794 0.676150
17.700000 0.551399 0.122146 0.673545
17.800000 0.551467 0.119830 0.671296
17.900000 0.551037 0.118631 0.669668
18.000000 0.550069 0.119153 0.669222
18.100000 0.549093 0.121743 0.670836
18.200000 0.548188 0.126982 0.675170
18.300000 0.547143 0.135485 0.682628
18.400000 0.546144 0.147698 0.693842
18.500000 0.545245 0.164001 0.709246
18.600000 0.544336 0.184667 0.729003
18.700000 0.543402 0.209752 0.753153
18.800000 0.542543 0.239103 0.781647
18.900000 0.541794 0.272403 0.814197
19.000000 0.541216 0.309180 0.850396
19.100000 0.540641 0.348814 0.889455
19.200000 0.540208 0.390480 0.930688
19.300000 0.539944 0.433247 0.973191
19.400000 0.539734 0.476239 1.015973
19.500000 0.539501 0.518538 1.058039
19.600000 0.539526 0.559043 1.098569
19.700000 0.540200 0.596649 1.136849
19.800000 0.541655 0.630410 1.172066
19.900000 0.543053 0.660017 1.203070
20.000000 0.544071 0.684973 1.229043
