0.100000 0.508541 0.060057 0.568598
0.200000 0.508021 0.066592 0.574613
0.300000 0.507476 0.071633 0.579109
0.400000 0.506917 0.072018 0.578935
0.500000 0.506292 0.067843 0.574135
0.600000 0.505571 0.062284 0.567855
0.700000 0.504767 0.059225 0.563992
0.800000 0.503913 0.060471 0.564385
0.900000 0.503057 0.064559 0.567617
1.000000 0.502193 0.067972 0.570165
1.100000 0.501472 0.067860 0.569332
1.200000 0.500946 0.064278 0.565224
1.300000 0.500633 0.060232 0.560865
1.400000 0.500592 0.059353 0.559945
1.500000 0.500839 0.062983 0.563822
1.600000 0.501208 0.068988 0.570196
1.700000 0.501738 0.073279 0.575018
1.800000 0.502298 0.072858 0.575156
1.900000 0.502838 0.067985 0.570823
2.000000 0.503211 0.061902 0.565113
2.100000 0.503422 0.058431 0.561853
2.200000 0.503425 0.059255 0.562680
2.300000 0.503378 0.062834 0.566211
2.400000 0.503290 0.065676 0.568966
2.500000 0.503276 0.065051 0.568327
2.600000 0.503373 0.061153 0.564525
2.700000 0.503625 0.057025 0.560650
2.800000 0.504009 0.056212 0.560221
2.900000 0.504528 0.059906 0.564434
3.000000 0.505134 0.065858 0.570992
3.100000 0.505708 0.069987 0.575695
3.200000 0.506208 0.069395 0.575603
3.300000 0.506650 0.064454 0.571104
3.400000 0.506836 0.058453 0.565289
3.500000 0.506715 0.055152 0.561867
3.600000 0.506311 0.056136 0.562447
3.700000 0.505705 0.059815 0.565520
3.800000 0.504996 0.062752 0.567748
3.900000 0.504269 0.062345 0.566614
4.000000 0.503625 0.058892 0.562517
4.100000 0.503131 0.055419 0.558550
4.200000 0.502831 0.055312 0.558143
4.300000 0.502781 0.059550 0.562331
4.400000 0.502921 0.065756 0.568677
4.500000 0.503238 0.069877 0.573115
4.600000 0.503555 0.069159 0.572714
4.700000 0.503920 0.064134 0.568054
4.800000 0.504087 0.058152 0.562239
4.900000 0.503901 0.054928 0.558829
5.000000 0.503364 0.055954 0.559318
5.100000 0.502549 0.059591 0.562140
5.200000 0.501567 0.062460 0.564028
5.300000 0.500588 0.062090 0.562678
5.400000 0.499680 0.058881 0.558560
5.500000 0.498990 0.055850 0.554840
5.600000 0.498498 0.056240 0.554737
5.700000 0.498271 0.060840 0.559111
5.800000 0.498276 0.067168 0.565445
5.900000 0.498436 0.071208 0.569644
6.000000 0.498765 0.070341 0.569106
6.100000 0.499169 0.065210 0.564379
6.200000 0.499448 0.059175 0.558623
6.300000 0.499545 0.055868 0.555413
6.400000 0.499489 0.056674 0.556163
6.500000 0.499215 0.059935 0.559150
6.600000 0.498855 0.062358 0.561213
6.700000 0.498503 0.061618 0.560121
6.800000 0.498297 0.058213 0.556510
6.900000 0.498231 0.055127 0.553358
7.000000 0.498386 0.055457 0.553843
7.100000 0.498749 0.059845 0.558594
7.200000 0.499299 0.065775 0.565073
7.300000 0.499964 0.069340 0.569303
7.400000 0.500682 0.068110 0.568792
7.500000 0.501316 0.062863 0.564180
7.600000 0.501797 0.056952 0.558749
7.700000 0.502008 0.053877 0.555886
7.800000 0.501977 0.054864 0.556841
7.900000 0.501733 0.058162 0.559894
8.000000 0.501357 0.060506 0.561862
8.100000 0.500890 0.059675 0.560565
8.200000 0.500561 0.056260 0.556821
8.300000 0.500363 0.053241 0.553605
8.400000 0.500275 0.053631 0.553906
8.500000 0.500352 0.057987 0.558339
8.600000 0.500577 0.063788 0.564365
8.700000 0.500836 0.067240 0.568076
8.800000 0.501129 0.066055 0.567184
8.900000 0.501373 0.061095 0.562467
9.000000 0.501458 0.055669 0.557126
9.100000 0.501334 0.053124 0.554458
9.200000 0.501049 0.054509 0.555558
9.300000 0.500584 0.057978 0.558563
9.400000 0.500032 0.060290 0.560322
9.500000 0.499522 0.059342 0.558865
9.600000 0.499102 0.055842 0.554944
9.700000 0.498863 0.052812 0.551675
9.800000 0.498766 0.053205 0.551971
9.900000 0.498847 0.057477 0.556324
10.000000 0.499162 0.063061 0.562223
10.100000 0.499604 0.066215 0.565818
10.200000 0.500125 0.064773 0.564899
10.300000 0.500656 0.059689 0.560345
10.400000 0.501037 0.054274 0.555311
10.500000 0.501161 0.051778 0.552939
10.600000 0.501055 0.053139 0.554194
10.700000 0.500724 0.056465 0.557189
10.800000 0.500285 0.058585 0.558870
10.900000 0.499749 0.057539 0.557288
11.000000 0.499257 0.054147 0.553404
11.100000 0.498824 0.051426 0.550250
11.200000 0.498485 0.052205 0.550689
11.300000 0.498218 0.056778 0.554996
11.400000 0.498112 0.062503 0.560616
11.500000 0.498173 0.065685 0.563858
11.600000 0.498309 0.064282 0.562591
11.700000 0.498386 0.059347 0.557734
11.800000 0.498403 0.054183 0.552587
11.900000 0.498259 0.051940 0.550199
12.000000 0.497902 0.053448 0.551350
12.100000 0.497404 0.056777 0.554181
12.200000 0.496850 0.058821 0.555671
12.300000 0.496272 0.057724 0.553996
12.400000 0.495823 0.054377 0.550200
12.500000 0.495559 0.051745 0.547304
12.600000 0.495470 0.052516 0.547987
12.700000 0.495655 0.056862 0.552517
12.800000 0.496079 0.062139 0.558218
12.900000 0.496616 0.064798 0.561414
13.000000 0.497251 0.062995 0.560246
13.100000 0.497854 0.057888 0.555742
13.200000 0.498356 0.052743 0.551098
13.300000 0.498722 0.050573 0.549295
13.400000 0.498914 0.052057 0.550971
13.500000 0.498914 0.055189 0.554103
13.600000 0.498915 0.056891 0.555807
13.700000 0.498855 0.055414 0.554269
13.800000 0.498912 0.051722 0.550634
13.900000 0.499069 0.048781 0.547851
14.000000 0.499352 0.049215 0.548567
14.100000 0.499786 0.053150 0.552936
14.200000 0.500350 0.057984 0.558334
14.300000 0.500946 0.060305 0.561250
14.400000 0.501557 0.058423 0.559979
14.500000 0.502019 0.053587 0.555606
14.600000 0.502241 0.049024 0.551265
14.700000 0.502168 0.047587 0.549755
14.800000 0.501777 0.049760 0.551537
14.900000 0.501155 0.053407 0.554562
15.000000 0.500385 0.055438 0.555824
15.100000 0.499567 0.054164 0.553731
15.200000 0.498924 0.050621 0.549545
15.300000 0.498472 0.047791 0.546263
15.400000 0.498270 0.048258 0.546528
15.500000 0.498340 0.052108 0.550448
15.600000 0.498621 0.056769 0.555390
15.700000 0.499004 0.058940 0.557944
15.800000 0.499412 0.057071 0.556482
15.900000 0.499738 0.052486 0.552224
16.000000 0.499891 0.048365 0.548256
16.100000 0.499825 0.047413 0.547238
16.200000 0.499464 0.049943 0.549407
16.300000 0.498956 0.053713 0.552669
16.400000 0.498274 0.055652 0.553926
16.500000 0.497563 0.054178 0.551741
16.600000 0.496989 0.050447 0.547436
16.700000 0.496497 0.047501 0.543998
16.800000 0.496145 0.047897 0.544043
16.900000 0.496017 0.051660 0.547677
17.000000 0.496114 0.056198 0.552312
17.100000 0.496332 0.058269 0.554601
17.200000 0.496628 0.056422 0.553050
17.300000 0.496866 0.052043 0.548910
17.400000 0.497026 0.048276 0.545302
17.500000 0.497014 0.047698 0.544711
17.600000 0.496850 0.050460 0.547310
17.700000 0.496592 0.054229 0.550821
17.800000 0.496259 0.055943 0.552202
17.900000 0.495929 0.054129 0.550058
18.000000 0.495673 0.050070 0.545743
18.100000 0.495506 0.046871 0.542377
18.200000 0.495438 0.047070 0.542508
18.300000 0.495429 0.050639 0.546068
18.400000 0.495519 0.054970 0.550489
18.500000 0.495677 0.056880 0.552557
18.600000 0.495847 0.055017 0.550865
18.700000 0.496000 0.050833 0.546834
18.800000 0.496017 0.047445 0.543462
18.900000 0.495904 0.047309 0.543213
19.000000 0.495619 0.050433 0.546052
19.100000 0.495213 0.054386 0.549599
19.200000 0.494756 0.056105 0.550861
19.300000 0.494310 0.054202 0.548512
19.400000 0.493937 0.050056 0.543994
19.500000 0.493668 0.046808 0.540476
19.600000 0.493568 0.046948 0.540517
19.700000 0.493578 0.050380 0.543958
19.800000 0.493733 0.054485 0.548218
19.900000 0.494012 0.056153 0.550164
20.000000 0.494351 0.054163 0.548514
