0.100000 0.508536 0.060120 0.568657
0.200000 0.508010 0.067941 0.575951
0.300000 0.507484 0.077236 0.584720
0.400000 0.507036 0.085079 0.592115
0.500000 0.506655 0.089049 0.595705
0.600000 0.506367 0.088033 0.594400
0.700000 0.506205 0.082568 0.588773
0.800000 0.506169 0.074587 0.580756
0.900000 0.506129 0.066733 0.572861
1.000000 0.505975 0.061463 0.567438
1.100000 0.505704 0.060265 0.565968
1.200000 0.505285 0.063206 0.568491
1.300000 0.504680 0.068944 0.573624
1.400000 0.504046 0.075205 0.579251
1.500000 0.503403 0.079553 0.582955
1.600000 0.502771 0.080244 0.583015
1.700000 0.502227 0.076889 0.579116
1.800000 0.501801 0.070638 0.572439
1.900000 0.501445 0.063812 0.565257
2.000000 0.501317 0.059079 0.560396
2.100000 0.501363 0.058454 0.559816
2.200000 0.501586 0.062514 0.564099
2.300000 0.502089 0.070141 0.572230
2.400000 0.502847 0.078902 0.581749
2.500000 0.503810 0.085910 0.589720
2.600000 0.504932 0.088855 0.593787
2.700000 0.506116 0.086773 0.592889
2.800000 0.507297 0.080334 0.587631
2.900000 0.508321 0.071546 0.579867
3.000000 0.509102 0.063060 0.572162
3.100000 0.509514 0.057285 0.566800
3.200000 0.509529 0.055640 0.565169
3.300000 0.509174 0.058136 0.567310
3.400000 0.508562 0.063415 0.571977
3.500000 0.507685 0.069236 0.576921
3.600000 0.506739 0.073243 0.579982
3.700000 0.505807 0.073810 0.579617
3.800000 0.504981 0.070636 0.575617
3.900000 0.504251 0.064909 0.569161
4.000000 0.503644 0.058923 0.562566
4.100000 0.503210 0.055239 0.558449
4.200000 0.502970 0.055716 0.558686
4.300000 0.502887 0.060768 0.563655
4.400000 0.502981 0.069151 0.572133
4.500000 0.503192 0.078385 0.581577
4.600000 0.503649 0.085629 0.589278
4.700000 0.504204 0.088673 0.592878
4.800000 0.504722 0.086665 0.591387
4.900000 0.505112 0.080341 0.585452
5.000000 0.505307 0.071717 0.577024
5.100000 0.505273 0.063381 0.568654
5.200000 0.504970 0.057665 0.562635
5.300000 0.504414 0.055911 0.560325
5.400000 0.503593 0.058100 0.561693
5.500000 0.502690 0.062909 0.565599
5.600000 0.501713 0.068197 0.569909
5.700000 0.500783 0.071749 0.572532
5.800000 0.499977 0.072081 0.572059
5.900000 0.499332 0.068999 0.568331
6.000000 0.498878 0.063715 0.562593
6.100000 0.498619 0.058445 0.557063
6.200000 0.498536 0.055594 0.554130
6.300000 0.498589 0.056831 0.555421
6.400000 0.498749 0.062405 0.561154
6.500000 0.499071 0.070981 0.570052
6.600000 0.499532 0.080089 0.579621
6.700000 0.500142 0.086977 0.587119
6.800000 0.500972 0.089567 0.590539
6.900000 0.501817 0.087127 0.588944
7.000000 0.502705 0.080458 0.583163
7.100000 0.503543 0.071577 0.575121
7.200000 0.504234 0.063024 0.567257
7.300000 0.504680 0.057045 0.561725
7.400000 0.504866 0.054920 0.559785
7.500000 0.504863 0.056607 0.561471
7.600000 0.504569 0.060825 0.565393
7.700000 0.504092 0.065522 0.569613
7.800000 0.503510 0.068603 0.572113
7.900000 0.502880 0.068690 0.571570
8.000000 0.502389 0.065637 0.568026
8.100000 0.501957 0.060627 0.562584
8.200000 0.501653 0.055764 0.557418
8.300000 0.501547 0.053298 0.554845
8.400000 0.501470 0.054743 0.556213
8.500000 0.501558 0.060259 0.561817
8.600000 0.501815 0.068516 0.570330
8.700000 0.502128 0.077143 0.579271
8.800000 0.502585 0.083546 0.586131
8.900000 0.503169 0.085801 0.588970
9.000000 0.503772 0.083286 0.587059
9.100000 0.504385 0.076844 0.581229
9.200000 0.504918 0.068451 0.573368
9.300000 0.505271 0.060546 0.565817
9.400000 0.505379 0.055244 0.560623
9.500000 0.505265 0.053696 0.558961
9.600000 0.504935 0.055768 0.560703
9.700000 0.504379 0.060142 0.564521
9.800000 0.503690 0.064794 0.568483
9.900000 0.502999 0.067706 0.570706
10.000000 0.502364 0.067598 0.569962
10.100000 0.501886 0.064409 0.566294
10.200000 0.501491 0.059371 0.560862
10.300000 0.501285 0.054584 0.555869
10.400000 0.501222 0.052240 0.553462
10.500000 0.501246 0.053770 0.555017
10.600000 0.501355 0.059260 0.560616
10.700000 0.501553 0.067352 0.568905
10.800000 0.501847 0.075704 0.577551
10.900000 0.502156 0.081808 0.583963
11.000000 0.502543 0.083838 0.586381
11.100000 0.502830 0.081258 0.584088
11.200000 0.503099 0.074944 0.578043
11.300000 0.503240 0.066844 0.570084
11.400000 0.503232 0.059320 0.562553
11.500000 0.503108 0.054385 0.557493
11.600000 0.502824 0.053092 0.555916
11.700000 0.502286 0.055253 0.557539
11.800000 0.501630 0.059544 0.561174
11.900000 0.500842 0.063991 0.564834
12.000000 0.500036 0.066685 0.566721
12.100000 0.499276 0.066462 0.565738
12.200000 0.498603 0.063349 0.561952
12.300000 0.498083 0.058586 0.556669
12.400000 0.497761 0.054206 0.551967
12.500000 0.497661 0.052273 0.549934
12.600000 0.497770 0.054075 0.551845
12.700000 0.498103 0.059591 0.557694
12.800000 0.498637 0.067438 0.566075
12.900000 0.499213 0.075334 0.574547
13.000000 0.499931 0.080883 0.580814
13.100000 0.500677 0.082379 0.583056
13.200000 0.501502 0.079376 0.580877
13.300000 0.502305 0.072800 0.575105
13.400000 0.503100 0.064596 0.567696
13.500000 0.503764 0.057064 0.560827
13.600000 0.504324 0.052123 0.556447
13.700000 0.504670 0.050738 0.555408
13.800000 0.504818 0.052664 0.557482
13.900000 0.504798 0.056580 0.561377
14.000000 0.504611 0.060573 0.565184
14.100000 0.504353 0.062826 0.567179
14.200000 0.504001 0.062268 0.566270
14.300000 0.503604 0.059003 0.562607
14.400000 0.503155 0.054297 0.557452
14.500000 0.502676 0.050148 0.552824
14.600000 0.502191 0.048532 0.550723
14.700000 0.501711 0.050629 0.552340
14.800000 0.501378 0.056322 0.557701
14.900000 0.501168 0.064181 0.565349
15.000000 0.501072 0.071938 0.573010
15.100000 0.501269 0.077274 0.578543
15.200000 0.501664 0.078613 0.580277
15.300000 0.502249 0.075626 0.577875
15.400000 0.502921 0.069300 0.572221
15.500000 0.503577 0.061571 0.565147
15.600000 0.504022 0.054675 0.558697
15.700000 0.504287 0.050436 0.554723
15.800000 0.504284 0.049722 0.554006
15.900000 0.503992 0.052211 0.556203
16.000000 0.503477 0.056548 0.560025
16.100000 0.502758 0.060832 0.563590
16.200000 0.501852 0.063277 0.565129
16.300000 0.500921 0.062866 0.563787
16.400000 0.500004 0.059728 0.559731
16.500000 0.499143 0.055133 0.554276
16.600000 0.498387 0.051039 0.549426
16.700000 0.497838 0.049363 0.547202
16.800000 0.497413 0.051238 0.548651
16.900000 0.497206 0.056529 0.553735
17.000000 0.497222 0.063836 0.561058
17.100000 0.497453 0.070976 0.568429
17.200000 0.497849 0.075748 0.573597
17.300000 0.498479 0.076689 0.575169
17.400000 0.499208 0.073557 0.572765
17.500000 0.499932 0.067374 0.567307
17.600000 0.500615 0.060053 0.560668
17.700000 0.501131 0.053755 0.554886
17.800000 0.501417 0.050201 0.551617
17.900000 0.501465 0.050135 0.551600
18.000000 0.501286 0.053131 0.554417
18.100000 0.500865 0.057754 0.558620
18.200000 0.500373 0.062078 0.562451
18.300000 0.499744 0.064345 0.564089
18.400000 0.499069 0.063597 0.562665
18.500000 0.498465 0.060045 0.558510
18.600000 0.497920 0.055027 0.552947
18.700000 0.497453 0.050539 0.547992
18.800000 0.497098 0.048502 0.545600
18.900000 0.496921 0.050024 0.546945
19.000000 0.496903 0.054943 0.551845
19.100000 0.497016 0.061855 0.558871
19.200000 0.497297 0.068601 0.565898
19.300000 0.497659 0.073034 0.570693
19.400000 0.498123 0.073767 0.571890
19.500000 0.498629 0.070634 0.569263
19.600000 0.499073 0.064702 0.563775
19.700000 0.499401 0.057879 0.557280
19.800000 0.499533 0.052274 0.551807
19.900000 0.499486 0.049506 0.548992
20.000000 0.499280 0.050204 0.549484
