0.100000 0.508543 0.060253 0.568796
0.200000 0.508044 0.069167 0.577212
0.300000 0.507600 0.082456 0.590057
0.400000 0.507332 0.099429 0.606761
0.500000 0.507320 0.119198 0.626518
0.600000 0.507710 0.140748 0.648458
0.700000 0.508662 0.163022 0.671684
0.800000 0.510209 0.184991 0.695201
0.900000 0.512416 0.205712 0.718128
1.000000 0.515158 0.224369 0.739527
1.100000 0.518453 0.240287 0.758740
1.200000 0.522187 0.252955 0.775141
1.300000 0.526377 0.262025 0.788402
1.400000 0.531004 0.267319 0.798323
1.500000 0.535921 0.268825 0.804746
1.600000 0.540924 0.266680 0.807604
1.700000 0.546032 0.261150 0.807182
1.800000 0.551102 0.252591 0.803693
1.900000 0.556016 0.241418 0.797434
2.000000 0.560895 0.228079 0.788974
2.100000 0.565574 0.213061 0.778636
2.200000 0.570051 0.196871 0.766922
2.300000 0.574444 0.180028 0.754473
2.400000 0.578502 0.163054 0.741556
2.500000 0.582225 0.146457 0.728681
2.600000 0.585392 0.130732 0.716124
2.700000 0.587912 0.116337 0.704249
2.800000 0.589729 0.103640 0.693369
2.900000 0.590813 0.092906 0.683719
3.000000 0.591223 0.084300 0.675523
3.100000 0.591049 0.077921 0.668970
3.200000 0.590323 0.073817 0.664140
3.300000 0.589190 0.071983 0.661173
3.400000 0.587537 0.072367 0.659904
3.500000 0.585347 0.074858 0.660205
3.600000 0.582744 0.079271 0.662015
3.700000 0.579725 0.085356 0.665081
3.800000 0.576454 0.092807 0.669261
3.900000 0.572899 0.101269 0.674168
4.000000 0.569185 0.110348 0.679533
4.100000 0.565369 0.119624 0.684993
4.200000 0.561630 0.128668 0.690298
4.300000 0.558004 0.137071 0.695076
4.400000 0.554458 0.144444 0.698903
4.500000 0.551055 0.150439 0.701495
4.600000 0.547705 0.154750 0.702454
4.700000 0.544387 0.157122 0.701509
4.800000 0.541166 0.157370 0.698536
4.900000 0.538002 0.155372 0.693374
5.000000 0.535069 0.151105 0.686174
5.100000 0.532409 0.144662 0.677072
5.200000 0.530146 0.136286 0.666432
5.300000 0.528246 0.126354 0.654600
5.400000 0.526778 0.115396 0.642174
5.500000 0.525693 0.104061 0.629754
5.600000 0.524835 0.093082 0.617917
5.700000 0.524288 0.083227 0.607515
5.800000 0.523847 0.075250 0.599098
5.900000 0.523510 0.069833 0.593343
6.000000 0.523282 0.067539 0.590821
6.100000 0.523166 0.068764 0.591930
6.200000 0.523102 0.073710 0.596813
6.300000 0.523141 0.082376 0.605517
6.400000 0.523241 0.094535 0.617776
6.500000 0.523510 0.109759 0.633269
6.600000 0.524002 0.127433 0.651435
6.700000 0.524881 0.146832 0.671712
6.800000 0.526435 0.167164 0.693599
6.900000 0.528714 0.187601 0.716315
7.000000 0.531758 0.207420 0.739178
7.100000 0.534436 0.226479 0.760916
7.200000 0.537058 0.244029 0.781087
7.300000 0.540418 0.259106 0.799523
7.400000 0.544478 0.271339 0.815817
7.500000 0.549140 0.280508 0.829647
7.600000 0.554233 0.286502 0.840735
7.700000 0.559723 0.289302 0.849025
7.800000 0.565613 0.288926 0.854539
7.900000 0.571873 0.285484 0.857357
8.000000 0.578306 0.279276 0.857582
8.100000 0.584826 0.270606 0.855432
8.200000 0.591083 0.259984 0.851067
8.300000 0.596635 0.247914 0.844549
8.400000 0.601215 0.234973 0.836188
8.500000 0.605177 0.221266 0.826442
8.600000 0.609372 0.206778 0.816150
8.700000 0.613295 0.192116 0.805411
8.800000 0.616876 0.177627 0.794503
8.900000 0.620255 0.163515 0.783770
9.000000 0.623085 0.150214 0.773299
9.100000 0.625093 0.138111 0.763204
9.200000 0.626604 0.127296 0.753900
9.300000 0.628044 0.117634 0.745677
9.400000 0.629363 0.109188 0.738551
9.500000 0.630607 0.102123 0.732730
9.600000 0.631364 0.096619 0.727983
9.700000 0.631298 0.092816 0.724114
9.800000 0.630682 0.090532 0.721213
9.900000 0.629763 0.089592 0.719356
10.000000 0.628370 0.089882 0.718252
