0.100000 0.508542 0.060170 0.568713
0.200000 0.508035 0.068037 0.576071
0.300000 0.507547 0.077360 0.584906
0.400000 0.507143 0.085209 0.592352
0.500000 0.506841 0.089165 0.596006
0.600000 0.506636 0.088127 0.594763
0.700000 0.506578 0.082644 0.589223
0.800000 0.506634 0.074654 0.581288
0.900000 0.506657 0.066793 0.573451
1.000000 0.506563 0.061512 0.568075
1.100000 0.506322 0.060292 0.566614
1.200000 0.505844 0.063201 0.569045
1.300000 0.505178 0.068912 0.574090
1.400000 0.504453 0.075158 0.579611
1.500000 0.503761 0.079509 0.583271
1.600000 0.502992 0.080222 0.583214
1.700000 0.502401 0.076891 0.579292
1.800000 0.501904 0.070654 0.572559
1.900000 0.501528 0.063826 0.565355
2.000000 0.501369 0.059076 0.560445
2.100000 0.501417 0.058425 0.559841
2.200000 0.501646 0.062455 0.564101
2.300000 0.502175 0.070049 0.572225
2.400000 0.502949 0.078771 0.581720
2.500000 0.503979 0.085737 0.589717
2.600000 0.505174 0.088649 0.593823
2.700000 0.506428 0.086560 0.592988
2.800000 0.507690 0.080143 0.587833
2.900000 0.508822 0.071409 0.580231
3.000000 0.509664 0.062988 0.572652
3.100000 0.510086 0.057269 0.567355
3.200000 0.510120 0.055656 0.565776
3.300000 0.509807 0.058159 0.567965
3.400000 0.509126 0.063433 0.572558
3.500000 0.508193 0.069251 0.577444
3.600000 0.507147 0.073272 0.580420
3.700000 0.506135 0.073867 0.580002
3.800000 0.505249 0.070724 0.575973
3.900000 0.504461 0.065014 0.569475
4.000000 0.503799 0.059012 0.562811
4.100000 0.503351 0.055271 0.558621
4.200000 0.503083 0.055649 0.558732
4.300000 0.503019 0.060569 0.563588
4.400000 0.503134 0.068798 0.571932
4.500000 0.503450 0.077873 0.581323
4.600000 0.503972 0.084984 0.588956
4.700000 0.504585 0.087951 0.592536
4.800000 0.505185 0.085945 0.591130
4.900000 0.505647 0.079712 0.585360
5.000000 0.505936 0.071252 0.577187
5.100000 0.505922 0.063121 0.569043
5.200000 0.505608 0.057609 0.563217
5.300000 0.505045 0.056026 0.561071
5.400000 0.504183 0.058341 0.562525
5.500000 0.503208 0.063239 0.566447
5.600000 0.502164 0.068592 0.570756
5.700000 0.501178 0.072197 0.573374
5.800000 0.500291 0.072570 0.572860
5.900000 0.499539 0.069499 0.569038
6.000000 0.499005 0.064175 0.563180
6.100000 0.498655 0.058793 0.557448
6.200000 0.498501 0.055752 0.554253
6.300000 0.498590 0.056723 0.555312
6.400000 0.498761 0.061978 0.560739
6.500000 0.499147 0.070217 0.569364
6.600000 0.499706 0.079010 0.578716
6.700000 0.500431 0.085655 0.586086
6.800000 0.501371 0.088114 0.589484
6.900000 0.502359 0.085682 0.588041
7.000000 0.503379 0.079162 0.582541
7.100000 0.504288 0.070549 0.574838
7.200000 0.504994 0.062333 0.567327
7.300000 0.505440 0.056709 0.562149
7.400000 0.505574 0.054912 0.560486
7.500000 0.505414 0.056874 0.562288
7.600000 0.504969 0.061307 0.566276
7.700000 0.504344 0.066164 0.570508
7.800000 0.503634 0.069357 0.572991
7.900000 0.502889 0.069504 0.572393
8.000000 0.502259 0.066444 0.568703
8.100000 0.501747 0.061338 0.563085
8.200000 0.501381 0.056277 0.557658
8.300000 0.501287 0.053508 0.554795
8.400000 0.501259 0.054561 0.555820
8.500000 0.501428 0.059628 0.561057
8.600000 0.501757 0.067429 0.569186
8.700000 0.502172 0.075648 0.577820
8.800000 0.502780 0.081748 0.584527
8.900000 0.503470 0.083858 0.587328
9.000000 0.504234 0.081382 0.585616
9.100000 0.504970 0.075154 0.580125
9.200000 0.505602 0.067108 0.572710
9.300000 0.506047 0.059618 0.565665
9.400000 0.506250 0.054727 0.560977
9.500000 0.506212 0.053532 0.559744
9.600000 0.505910 0.055872 0.561782
9.700000 0.505349 0.060429 0.565778
9.800000 0.504598 0.065194 0.569792
9.900000 0.503859 0.068172 0.572032
10.000000 0.503191 0.068080 0.571271
10.100000 0.502603 0.064844 0.567447
10.200000 0.502297 0.059665 0.561961
10.300000 0.502048 0.054614 0.556661
10.400000 0.502022 0.051871 0.553893
10.500000 0.502093 0.052883 0.554976
10.600000 0.502312 0.057776 0.560088
10.700000 0.502559 0.065266 0.567825
10.800000 0.502934 0.073098 0.576032
10.900000 0.503334 0.078849 0.582183
11.000000 0.503720 0.080765 0.584484
11.100000 0.504083 0.078335 0.582418
11.200000 0.504332 0.072418 0.576750
11.300000 0.504439 0.064897 0.569336
11.400000 0.504403 0.058043 0.562446
11.500000 0.504183 0.053769 0.557952
11.600000 0.503748 0.053050 0.556798
11.700000 0.503120 0.055654 0.558775
11.800000 0.502361 0.060256 0.562617
11.900000 0.501485 0.064902 0.566387
12.000000 0.500615 0.067702 0.568317
12.100000 0.499870 0.067497 0.567367
12.200000 0.499164 0.064295 0.563460
12.300000 0.498666 0.059305 0.557971
12.400000 0.498423 0.054524 0.552947
12.500000 0.498392 0.052004 0.550395
12.600000 0.498615 0.053053 0.551668
12.700000 0.499030 0.057709 0.556740
12.800000 0.499756 0.064682 0.564438
12.900000 0.500566 0.071803 0.572369
13.000000 0.501475 0.076790 0.578265
13.100000 0.502465 0.078031 0.580496
13.200000 0.503486 0.075122 0.578608
13.300000 0.504536 0.068966 0.573503
13.400000 0.505539 0.061437 0.566976
13.500000 0.506391 0.054726 0.561116
13.600000 0.507071 0.050637 0.557708
13.700000 0.507434 0.050047 0.557480
13.800000 0.507501 0.052650 0.560151
13.900000 0.507337 0.057103 0.564440
14.000000 0.506983 0.061494 0.568477
14.100000 0.506480 0.063998 0.570478
14.200000 0.505949 0.063525 0.569473
14.300000 0.505400 0.060134 0.565534
14.400000 0.504869 0.055044 0.559913
14.500000 0.504426 0.050216 0.554642
14.600000 0.504034 0.047630 0.551664
14.700000 0.503784 0.048521 0.552305
14.800000 0.503679 0.052889 0.556568
14.900000 0.503780 0.059454 0.563234
15.000000 0.504035 0.066122 0.570157
15.100000 0.504520 0.070728 0.575248
15.200000 0.505108 0.071804 0.576911
15.300000 0.505754 0.069062 0.574816
15.400000 0.506343 0.063459 0.569801
15.500000 0.506803 0.056830 0.563633
15.600000 0.506961 0.051271 0.558232
15.700000 0.506808 0.048447 0.555255
15.800000 0.506358 0.049084 0.555442
15.900000 0.505589 0.052745 0.558335
16.000000 0.504664 0.058006 0.562670
16.100000 0.503621 0.062924 0.566545
16.200000 0.502466 0.065692 0.568158
16.300000 0.501356 0.065272 0.566628
16.400000 0.500443 0.061785 0.562228
16.500000 0.499695 0.056498 0.556193
16.600000 0.499166 0.051394 0.550561
16.700000 0.498841 0.048460 0.547301
16.800000 0.498744 0.048923 0.547668
16.900000 0.498917 0.052781 0.551698
17.000000 0.499249 0.058787 0.558036
17.100000 0.499777 0.064897 0.564674
17.200000 0.500396 0.069026 0.569422
17.300000 0.501141 0.069786 0.570927
17.400000 0.501881 0.066949 0.568830
17.500000 0.502595 0.061485 0.564080
17.600000 0.503220 0.055203 0.558424
17.700000 0.503635 0.050136 0.553772
17.800000 0.503764 0.047864 0.551628
17.900000 0.503621 0.049023 0.552644
18.000000 0.503109 0.053104 0.556212
18.100000 0.502348 0.058626 0.560974
18.200000 0.501400 0.063631 0.565031
18.300000 0.500277 0.066337 0.566613
18.400000 0.499098 0.065755 0.564853
18.500000 0.498017 0.062070 0.560087
18.600000 0.497105 0.056605 0.553710
18.700000 0.496335 0.051369 0.547704
18.800000 0.495817 0.048328 0.544145
18.900000 0.495523 0.048669 0.544192
19.000000 0.495507 0.052344 0.547850
19.100000 0.495710 0.058076 0.553786
19.200000 0.496208 0.063840 0.560047
19.300000 0.496924 0.067608 0.564532
19.400000 0.497829 0.068071 0.565900
19.500000 0.498761 0.065081 0.563842
19.600000 0.499705 0.059661 0.559366
19.700000 0.500579 0.053628 0.554207
19.800000 0.501280 0.048968 0.550248
19.900000 0.501727 0.047184 0.548911
20.000000 0.501863 0.048806 0.550670
