0.100000 0.508543 0.060240 0.568783
0.200000 0.508043 0.068984 0.577027
0.300000 0.507592 0.081597 0.589189
0.400000 0.507303 0.096883 0.604186
0.500000 0.507239 0.113390 0.620629
0.600000 0.507527 0.129574 0.637101
0.700000 0.508293 0.143982 0.652275
0.800000 0.509531 0.155395 0.664926
0.900000 0.511251 0.162930 0.674181
1.000000 0.513294 0.166101 0.679395
1.100000 0.515668 0.164812 0.680480
1.200000 0.518191 0.159339 0.677530
1.300000 0.520784 0.150277 0.671061
1.400000 0.523386 0.138469 0.661855
1.500000 0.525936 0.124923 0.650858
1.600000 0.528173 0.110729 0.638901
1.700000 0.530059 0.096971 0.627031
1.800000 0.531503 0.084648 0.616151
1.900000 0.532430 0.074581 0.607011
2.000000 0.532929 0.067379 0.600308
2.100000 0.533057 0.063403 0.596460
2.200000 0.532783 0.062774 0.595557
2.300000 0.532251 0.065364 0.597615
2.400000 0.531412 0.070806 0.602219
2.500000 0.530329 0.078519 0.608848
2.600000 0.528964 0.087755 0.616719
2.700000 0.527320 0.097642 0.624962
2.800000 0.525452 0.107239 0.632691
2.900000 0.523358 0.115600 0.638958
3.000000 0.521206 0.121845 0.643050
3.100000 0.519010 0.125258 0.644268
3.200000 0.516874 0.125361 0.642235
3.300000 0.514962 0.121993 0.636955
3.400000 0.513331 0.115356 0.628686
3.500000 0.511937 0.106021 0.617958
3.600000 0.510900 0.094919 0.605819
3.700000 0.510076 0.083252 0.593328
3.800000 0.509449 0.072374 0.581823
3.900000 0.508887 0.063646 0.572533
4.000000 0.508366 0.058268 0.566634
4.100000 0.507859 0.057127 0.564986
4.200000 0.507385 0.060684 0.568070
4.300000 0.507005 0.068903 0.575908
4.400000 0.506754 0.081255 0.588010
4.500000 0.506798 0.096778 0.603577
4.600000 0.507038 0.114199 0.621237
4.700000 0.507625 0.132087 0.639712
4.800000 0.508496 0.149005 0.657501
4.900000 0.509705 0.163644 0.673349
5.000000 0.511170 0.174932 0.686102
5.100000 0.513047 0.182108 0.695155
5.200000 0.515187 0.184779 0.699965
5.300000 0.517642 0.182928 0.700570
5.400000 0.520151 0.176899 0.697050
5.500000 0.522664 0.167321 0.689985
5.600000 0.525098 0.154997 0.680096
5.700000 0.527579 0.140817 0.668396
5.800000 0.530042 0.125734 0.655777
5.900000 0.532371 0.110708 0.643079
6.000000 0.534597 0.096639 0.631236
6.100000 0.536660 0.084307 0.620968
6.200000 0.538337 0.074325 0.612663
6.300000 0.539613 0.067129 0.606741
6.400000 0.540201 0.062955 0.603156
6.500000 0.540156 0.061759 0.601915
6.600000 0.539522 0.063214 0.602737
6.700000 0.538428 0.066837 0.605265
6.800000 0.536912 0.072026 0.608938
6.900000 0.535015 0.078090 0.613105
7.000000 0.532923 0.084263 0.617185
7.100000 0.530644 0.089787 0.620431
7.200000 0.528420 0.093992 0.622412
7.300000 0.526337 0.096366 0.622703
7.400000 0.524425 0.096604 0.621029
7.500000 0.522704 0.094637 0.617341
7.600000 0.521234 0.090652 0.611886
7.700000 0.519978 0.085075 0.605053
7.800000 0.518941 0.078550 0.597492
7.900000 0.518104 0.071873 0.589978
8.000000 0.517474 0.065918 0.583392
8.100000 0.517016 0.061548 0.578564
8.200000 0.516713 0.059505 0.576218
8.300000 0.516588 0.060313 0.576901
8.400000 0.516550 0.064220 0.580770
8.500000 0.516744 0.071158 0.587902
8.600000 0.517180 0.080735 0.597915
8.700000 0.517815 0.092283 0.610098
8.800000 0.518709 0.104923 0.623633
8.900000 0.519867 0.117673 0.637540
9.000000 0.521368 0.129539 0.650907
9.100000 0.523057 0.139616 0.662673
9.200000 0.524886 0.147165 0.672052
9.300000 0.527005 0.151667 0.678672
9.400000 0.529181 0.152856 0.682037
9.500000 0.531485 0.150733 0.682218
9.600000 0.533866 0.145542 0.679407
9.700000 0.536230 0.137736 0.673966
9.800000 0.538513 0.127932 0.666445
9.900000 0.540843 0.116848 0.657691
10.000000 0.543075 0.105249 0.648324
10.100000 0.545025 0.093898 0.638923
10.200000 0.546815 0.083500 0.630315
10.300000 0.548222 0.074661 0.622883
10.400000 0.549246 0.067844 0.617090
10.500000 0.549859 0.063341 0.613200
10.600000 0.549913 0.061263 0.611176
10.700000 0.549555 0.061525 0.611081
10.800000 0.548809 0.063860 0.612668
10.900000 0.547737 0.067848 0.615585
11.000000 0.546403 0.072954 0.619357
11.100000 0.544838 0.078574 0.623412
11.200000 0.543154 0.084090 0.627244
11.300000 0.541303 0.088916 0.630219
11.400000 0.539304 0.092540 0.631845
11.500000 0.537192 0.094546 0.631737
11.600000 0.535151 0.094653 0.629804
11.700000 0.533219 0.092787 0.626006
11.800000 0.531454 0.089093 0.620547
11.900000 0.529919 0.083935 0.613855
12.000000 0.528641 0.077873 0.606514
12.100000 0.527621 0.071598 0.599219
12.200000 0.526830 0.065872 0.592702
12.300000 0.526257 0.061440 0.587697
12.400000 0.525942 0.058948 0.584890
12.500000 0.525801 0.058858 0.584658
12.600000 0.525849 0.061390 0.587239
12.700000 0.526104 0.066490 0.592594
12.800000 0.526562 0.073837 0.600400
12.900000 0.527164 0.082886 0.610050
13.000000 0.528021 0.092904 0.620925
13.100000 0.529030 0.103051 0.632081
13.200000 0.530230 0.112477 0.642706
13.300000 0.531673 0.120416 0.652089
13.400000 0.533327 0.126257 0.659583
13.500000 0.535086 0.129577 0.664663
13.600000 0.537011 0.130171 0.667183
13.700000 0.539025 0.128059 0.667084
13.800000 0.541093 0.123463 0.664556
13.900000 0.543112 0.116792 0.659904
14.000000 0.544993 0.108591 0.653585
14.100000 0.546754 0.099488 0.646242
14.200000 0.548320 0.090138 0.638457
14.300000 0.549721 0.081178 0.630899
14.400000 0.550854 0.073187 0.624040
14.500000 0.551744 0.066650 0.618394
14.600000 0.552343 0.061935 0.614278
14.700000 0.552641 0.059265 0.611907
14.800000 0.552512 0.058710 0.611223
14.900000 0.551967 0.060172 0.612139
15.000000 0.551081 0.063393 0.614474
15.100000 0.549858 0.067981 0.617839
15.200000 0.548313 0.073438 0.621751
15.300000 0.546562 0.079204 0.625765
15.400000 0.544726 0.084700 0.629426
15.500000 0.542823 0.089370 0.632193
15.600000 0.540915 0.092736 0.633651
15.700000 0.539011 0.094427 0.633439
15.800000 0.537271 0.094235 0.631506
15.900000 0.535559 0.092131 0.627690
16.000000 0.534060 0.088293 0.622352
16.100000 0.532767 0.083083 0.615850
16.200000 0.531594 0.077029 0.608623
16.300000 0.530608 0.070766 0.601374
16.400000 0.529790 0.064980 0.594770
16.500000 0.529158 0.060338 0.589496
16.600000 0.528589 0.057408 0.585997
16.700000 0.528302 0.056602 0.584904
16.800000 0.528192 0.058120 0.586312
16.900000 0.528232 0.061920 0.590152
17.000000 0.528493 0.067720 0.596214
17.100000 0.528875 0.075038 0.603913
17.200000 0.529403 0.083237 0.612639
17.300000 0.530174 0.091598 0.621772
17.400000 0.531065 0.099395 0.630459
17.500000 0.532070 0.105955 0.638026
17.600000 0.533328 0.110735 0.644063
17.700000 0.534698 0.113362 0.648059
17.800000 0.536266 0.113664 0.649929
17.900000 0.537909 0.111673 0.649582
18.000000 0.539583 0.107612 0.647195
18.100000 0.541274 0.101863 0.643137
18.200000 0.542873 0.094926 0.637800
18.300000 0.544293 0.087368 0.631661
18.400000 0.545563 0.079782 0.625345
18.500000 0.546640 0.072739 0.619379
18.600000 0.547482 0.066753 0.614235
18.700000 0.548012 0.062246 0.610259
18.800000 0.548185 0.059517 0.607702
18.900000 0.548086 0.058722 0.606808
19.000000 0.547648 0.059859 0.607506
19.100000 0.546933 0.062771 0.609704
19.200000 0.546002 0.067168 0.613170
19.300000 0.544880 0.072648 0.617528
19.400000 0.543686 0.078716 0.622402
19.500000 0.542392 0.084827 0.627219
19.600000 0.541010 0.090432 0.631443
19.700000 0.539609 0.095020 0.634629
19.800000 0.538172 0.098157 0.636329
19.900000 0.536725 0.099532 0.636257
20.000000 0.535149 0.098989 0.634138
