0.100000 0.508457 0.058882 0.567340
0.200000 0.507686 0.064877 0.572564
0.300000 0.506754 0.070746 0.577500
0.400000 0.505723 0.073182 0.578905
0.500000 0.504611 0.070964 0.575575
0.600000 0.503595 0.065664 0.569259
0.700000 0.502628 0.060698 0.563326
0.800000 0.501921 0.059230 0.561151
0.900000 0.501353 0.062257 0.563610
1.000000 0.500949 0.068006 0.568955
1.100000 0.500696 0.073018 0.573715
1.200000 0.500583 0.074259 0.574842
1.300000 0.500539 0.070967 0.571505
1.400000 0.500617 0.065116 0.565733
1.500000 0.500793 0.060222 0.561014
1.600000 0.500912 0.059205 0.560117
1.700000 0.501062 0.062631 0.563693
1.800000 0.501188 0.068364 0.569552
1.900000 0.501260 0.072861 0.574122
2.000000 0.501350 0.073314 0.574664
2.100000 0.501456 0.069341 0.570798
2.200000 0.501622 0.063218 0.564840
2.300000 0.501853 0.058487 0.560340
2.400000 0.502213 0.057815 0.560028
2.500000 0.502630 0.061373 0.564003
2.600000 0.503108 0.066759 0.569868
2.700000 0.503571 0.070468 0.574039
2.800000 0.504037 0.070029 0.574066
2.900000 0.504458 0.065520 0.569978
3.000000 0.504824 0.059515 0.564339
3.100000 0.505056 0.055531 0.560587
3.200000 0.505140 0.055889 0.561029
3.300000 0.505149 0.060306 0.565456
3.400000 0.505058 0.066069 0.571127
3.500000 0.504845 0.069662 0.574506
3.600000 0.504602 0.068896 0.573498
3.700000 0.504292 0.064226 0.568518
3.800000 0.504012 0.058463 0.562474
3.900000 0.503717 0.055062 0.558779
4.000000 0.503434 0.056037 0.559471
4.100000 0.503153 0.060737 0.563890
4.200000 0.502925 0.066254 0.569180
4.300000 0.502776 0.069193 0.571970
4.400000 0.502672 0.067735 0.570407
4.500000 0.502569 0.062738 0.565308
4.600000 0.502493 0.057224 0.559716
4.700000 0.502442 0.054542 0.556984
4.800000 0.502297 0.056341 0.558638
4.900000 0.502050 0.061572 0.563621
5.000000 0.501616 0.067120 0.568736
5.100000 0.501107 0.069694 0.570800
5.200000 0.500556 0.067813 0.568368
5.300000 0.499978 0.062693 0.562671
5.400000 0.499405 0.057498 0.556903
5.500000 0.498912 0.055417 0.554329
5.600000 0.498419 0.057726 0.556145
5.700000 0.498097 0.063021 0.561118
5.800000 0.497861 0.068080 0.565941
5.900000 0.497674 0.069828 0.567502
6.000000 0.497575 0.067202 0.564777
6.100000 0.497554 0.061796 0.559349
6.200000 0.497567 0.056892 0.554459
6.300000 0.497617 0.055464 0.553081
6.400000 0.497612 0.058377 0.555989
6.500000 0.497602 0.063859 0.561461
6.600000 0.497587 0.068574 0.566161
6.700000 0.497586 0.069637 0.567223
6.800000 0.497636 0.066363 0.563999
6.900000 0.497695 0.060673 0.558368
7.000000 0.497810 0.055918 0.553728
7.100000 0.497937 0.054858 0.552795
7.200000 0.498131 0.057991 0.556123
7.300000 0.498353 0.063268 0.561621
7.400000 0.498582 0.067345 0.565927
7.500000 0.498799 0.067628 0.566427
7.600000 0.499014 0.063840 0.562854
7.700000 0.499224 0.058190 0.557414
7.800000 0.499428 0.054027 0.553456
7.900000 0.499582 0.053810 0.553391
8.000000 0.499781 0.057605 0.557386
8.100000 0.499883 0.063048 0.562931
8.200000 0.500021 0.066780 0.566801
8.300000 0.500145 0.066468 0.566612
8.400000 0.500134 0.062228 0.562362
8.500000 0.500109 0.056555 0.556664
8.600000 0.500067 0.052805 0.552872
8.700000 0.499908 0.053174 0.553083
8.800000 0.499724 0.057367 0.557091
8.900000 0.499566 0.062784 0.562350
9.000000 0.499324 0.066109 0.565433
9.100000 0.499071 0.065310 0.564382
9.200000 0.498826 0.060878 0.559704
9.300000 0.498620 0.055517 0.554136
9.400000 0.498400 0.052501 0.550902
9.500000 0.498151 0.053681 0.551831
9.600000 0.497970 0.058356 0.556326
9.700000 0.497760 0.063698 0.561458
9.800000 0.497646 0.066456 0.564102
9.900000 0.497543 0.064930 0.562473
10.000000 0.497518 0.059997 0.557515
10.100000 0.497561 0.054577 0.552138
10.200000 0.497625 0.051865 0.549490
10.300000 0.497770 0.053402 0.551171
10.400000 0.497832 0.058143 0.555975
10.500000 0.497899 0.063106 0.561005
10.600000 0.497945 0.065185 0.563130
10.700000 0.497950 0.063045 0.560996
10.800000 0.497944 0.057930 0.555874
10.900000 0.497863 0.052913 0.550776
11.000000 0.497758 0.051020 0.548778
11.100000 0.497533 0.053401 0.550934
11.200000 0.497335 0.058626 0.555961
11.300000 0.497023 0.063554 0.560577
11.400000 0.496729 0.065225 0.561955
11.500000 0.496480 0.062656 0.559136
11.600000 0.496232 0.057418 0.553650
11.700000 0.495947 0.052685 0.548631
11.800000 0.495708 0.051302 0.547010
11.900000 0.495471 0.054069 0.549540
12.000000 0.495204 0.059272 0.554475
12.100000 0.494957 0.063731 0.558688
12.200000 0.494717 0.064741 0.559458
12.300000 0.494461 0.061707 0.556167
12.400000 0.494238 0.056496 0.550735
12.500000 0.494051 0.052307 0.546358
12.600000 0.493916 0.051704 0.545620
12.700000 0.493876 0.055064 0.548940
12.800000 0.493950 0.060346 0.554296
12.900000 0.493991 0.064324 0.558315
13.000000 0.494117 0.064536 0.558653
13.100000 0.494259 0.060761 0.555021
13.200000 0.494442 0.055152 0.549594
13.300000 0.494724 0.050941 0.545665
13.400000 0.495101 0.050481 0.545582
13.500000 0.495471 0.053829 0.549300
13.600000 0.495846 0.058727 0.554573
13.700000 0.496190 0.061994 0.558184
13.800000 0.496516 0.061461 0.557977
13.900000 0.496842 0.057294 0.554135
14.000000 0.497093 0.051893 0.548986
14.100000 0.497339 0.048429 0.545768
14.200000 0.497503 0.048920 0.546422
14.300000 0.497619 0.053003 0.550622
14.400000 0.497669 0.058150 0.555819
14.500000 0.497665 0.061196 0.558861
14.600000 0.497563 0.060248 0.557811
14.700000 0.497476 0.055836 0.553312
14.800000 0.497296 0.050572 0.547868
14.900000 0.497134 0.047575 0.544709
15.000000 0.496951 0.048574 0.545524
15.100000 0.496779 0.052872 0.549652
15.200000 0.496630 0.057785 0.554415
15.300000 0.496543 0.060265 0.556808
15.400000 0.496495 0.058763 0.555258
15.500000 0.496506 0.054160 0.550666
15.600000 0.496531 0.049233 0.545764
15.700000 0.496562 0.046967 0.543529
15.800000 0.496611 0.048737 0.545349
15.900000 0.496560 0.053477 0.550037
16.000000 0.496484 0.058323 0.554806
16.100000 0.496341 0.060341 0.556683
16.200000 0.496135 0.058309 0.554445
16.300000 0.495858 0.053447 0.549305
16.400000 0.495506 0.048683 0.544189
16.500000 0.495138 0.046878 0.542016
16.600000 0.494720 0.049095 0.543815
16.700000 0.494253 0.053970 0.548223
16.800000 0.493846 0.058550 0.552396
16.900000 0.493414 0.060081 0.553495
17.000000 0.493022 0.057689 0.550711
17.100000 0.492705 0.052900 0.545605
17.200000 0.492499 0.048706 0.541205
17.300000 0.492285 0.047742 0.540028
17.400000 0.492161 0.050671 0.542832
17.500000 0.492108 0.055770 0.547878
17.600000 0.492125 0.059965 0.552090
17.700000 0.492275 0.060692 0.552967
17.800000 0.492373 0.057446 0.549819
17.900000 0.492534 0.052098 0.544633
18.000000 0.492656 0.047769 0.540425
18.100000 0.492660 0.046952 0.539612
18.200000 0.492589 0.050028 0.542617
18.300000 0.492369 0.055045 0.547413
18.400000 0.492049 0.058915 0.550964
18.500000 0.491619 0.059302 0.550922
18.600000 0.491145 0.056034 0.547180
18.700000 0.490642 0.051199 0.541841
18.800000 0.490141 0.047871 0.538012
18.900000 0.489665 0.048219 0.537884
19.000000 0.489338 0.052181 0.541519
19.100000 0.489107 0.057477 0.546584
19.200000 0.488891 0.060982 0.549873
19.300000 0.488771 0.060615 0.549386
19.400000 0.488718 0.056596 0.545315
19.500000 0.488683 0.051321 0.540004
19.600000 0.488662 0.047912 0.536574
19.700000 0.488636 0.048337 0.536972
19.800000 0.488629 0.052226 0.540855
19.900000 0.488707 0.057102 0.545809
20.000000 0.488780 0.059895 0.548676
