0.100000 0.508536 0.060050 0.568585
0.200000 0.508002 0.067028 0.575030
0.300000 0.507443 0.073503 0.580947
0.400000 0.506902 0.076108 0.583010
0.500000 0.506332 0.073678 0.580010
0.600000 0.505723 0.067859 0.573581
0.700000 0.505064 0.062068 0.567132
0.800000 0.504421 0.059472 0.563893
0.900000 0.503742 0.061195 0.564938
1.000000 0.502988 0.065752 0.568740
1.100000 0.502266 0.070000 0.572267
1.200000 0.501629 0.071073 0.572702
1.300000 0.501078 0.068176 0.569253
1.400000 0.500816 0.063149 0.563965
1.500000 0.500749 0.059370 0.560118
1.600000 0.500814 0.059628 0.560443
1.700000 0.501080 0.064300 0.565381
1.800000 0.501479 0.071015 0.572494
1.900000 0.501918 0.076053 0.577972
2.000000 0.502484 0.076572 0.579057
2.100000 0.503082 0.072258 0.575339
2.200000 0.503625 0.065439 0.569064
2.300000 0.504118 0.059662 0.563780
2.400000 0.504483 0.057640 0.562122
2.500000 0.504694 0.059744 0.564438
2.600000 0.504791 0.063910 0.568701
2.700000 0.504825 0.066937 0.571761
2.800000 0.504864 0.066486 0.571350
2.900000 0.504866 0.062574 0.567439
3.000000 0.504913 0.057637 0.562550
3.100000 0.504939 0.055045 0.559984
3.200000 0.505038 0.056945 0.561983
3.300000 0.505195 0.062802 0.567996
3.400000 0.505373 0.069625 0.574997
3.500000 0.505562 0.073726 0.579288
3.600000 0.505763 0.072903 0.578666
3.700000 0.505916 0.067682 0.573599
3.800000 0.506012 0.060927 0.566938
3.900000 0.505862 0.056127 0.561989
4.000000 0.505512 0.055419 0.560931
4.100000 0.505002 0.058447 0.563449
4.200000 0.504391 0.062691 0.567083
4.300000 0.503801 0.065058 0.568859
4.400000 0.503259 0.063814 0.567073
4.500000 0.502797 0.059719 0.562516
4.600000 0.502489 0.055617 0.558106
4.700000 0.502386 0.054661 0.557047
4.800000 0.502285 0.058253 0.560538
4.900000 0.502202 0.065035 0.567237
5.000000 0.502106 0.071616 0.573723
5.100000 0.502009 0.074572 0.576581
5.200000 0.501901 0.072446 0.574347
5.300000 0.501762 0.066528 0.568289
5.400000 0.501480 0.060026 0.561506
5.500000 0.501140 0.056191 0.557331
5.600000 0.500578 0.056501 0.557079
5.700000 0.500014 0.059937 0.559951
5.800000 0.499395 0.063718 0.563114
5.900000 0.498801 0.065061 0.563862
6.000000 0.498332 0.062946 0.561278
6.100000 0.498007 0.058812 0.556819
6.200000 0.497835 0.055699 0.553534
6.300000 0.497872 0.056297 0.554169
6.400000 0.497994 0.061146 0.559140
6.500000 0.498259 0.068139 0.566398
6.600000 0.498691 0.073703 0.572394
6.700000 0.499215 0.074899 0.574115
6.800000 0.499817 0.071117 0.570934
6.900000 0.500359 0.064360 0.564719
7.000000 0.500777 0.058028 0.558805
7.100000 0.501008 0.054982 0.555990
7.200000 0.501044 0.056000 0.557044
7.300000 0.500938 0.059478 0.560416
7.400000 0.500668 0.062518 0.563185
7.500000 0.500385 0.062750 0.563135
7.600000 0.500138 0.059844 0.559982
7.700000 0.499973 0.055765 0.555738
7.800000 0.499943 0.053547 0.553490
7.900000 0.500065 0.055319 0.555384
8.000000 0.500411 0.060829 0.561240
8.100000 0.500845 0.067455 0.568299
8.200000 0.501432 0.071719 0.573151
8.300000 0.502096 0.071339 0.573435
8.400000 0.502608 0.066530 0.569138
8.500000 0.502989 0.059829 0.562818
8.600000 0.503147 0.054587 0.557734
8.700000 0.502971 0.053093 0.556064
8.800000 0.502569 0.055355 0.557924
8.900000 0.501978 0.059232 0.561210
9.000000 0.501282 0.061805 0.563087
9.100000 0.500660 0.061199 0.561859
9.200000 0.500053 0.057784 0.557837
9.300000 0.499669 0.053989 0.553658
9.400000 0.499409 0.052773 0.552181
9.500000 0.499335 0.055678 0.555013
9.600000 0.499438 0.061736 0.561174
9.700000 0.499704 0.067934 0.567638
9.800000 0.500068 0.070991 0.571059
9.900000 0.500504 0.069281 0.569785
10.000000 0.500954 0.063738 0.564692
10.100000 0.501348 0.057250 0.558599
10.200000 0.501522 0.052979 0.554501
10.300000 0.501549 0.052590 0.554139
10.400000 0.501413 0.055414 0.556827
10.500000 0.501063 0.058968 0.560031
10.600000 0.500637 0.060530 0.561167
10.700000 0.500228 0.058864 0.559092
10.800000 0.499812 0.055043 0.554855
10.900000 0.499483 0.051829 0.551312
11.000000 0.499247 0.051906 0.551153
11.100000 0.499050 0.056095 0.555145
11.200000 0.498937 0.062696 0.561634
11.300000 0.498867 0.068418 0.567285
11.400000 0.498902 0.070311 0.569213
11.500000 0.499006 0.067471 0.566477
11.600000 0.499061 0.061501 0.560562
11.700000 0.498993 0.055526 0.554519
11.800000 0.498821 0.052389 0.551211
11.900000 0.498447 0.053104 0.551552
12.000000 0.497933 0.056406 0.554339
12.100000 0.497291 0.059627 0.556918
12.200000 0.496667 0.060381 0.557048
12.300000 0.496099 0.058078 0.554177
12.400000 0.495613 0.054341 0.549954
12.500000 0.495338 0.052007 0.547346
12.600000 0.495251 0.053279 0.548529
12.700000 0.495397 0.058217 0.553614
12.800000 0.495786 0.064563 0.560349
12.900000 0.496262 0.069028 0.565291
13.000000 0.496883 0.069219 0.566103
13.100000 0.497533 0.065007 0.562540
13.200000 0.498124 0.058550 0.556674
13.300000 0.498643 0.053015 0.551658
13.400000 0.499021 0.050787 0.549808
13.500000 0.499274 0.052186 0.551460
13.600000 0.499443 0.055421 0.554864
13.700000 0.499459 0.057764 0.557223
13.800000 0.499508 0.057264 0.556772
13.900000 0.499573 0.053998 0.553571
14.000000 0.499697 0.050069 0.549767
14.100000 0.499866 0.048294 0.548160
14.200000 0.500136 0.050363 0.550499
14.300000 0.500461 0.055664 0.556125
14.400000 0.500827 0.061540 0.562367
14.500000 0.501230 0.064853 0.566083
14.600000 0.501542 0.063830 0.565371
14.700000 0.501725 0.059072 0.560796
14.800000 0.501696 0.053153 0.554849
14.900000 0.501470 0.049091 0.550561
15.000000 0.500937 0.048665 0.549602
15.100000 0.500280 0.051464 0.551744
15.200000 0.499507 0.055237 0.554744
15.300000 0.498751 0.057306 0.556057
15.400000 0.498115 0.056222 0.554337
15.500000 0.497657 0.052700 0.550358
15.600000 0.497362 0.049209 0.546571
15.700000 0.497269 0.048410 0.545679
15.800000 0.497294 0.051420 0.548715
15.900000 0.497471 0.056999 0.554470
16.000000 0.497761 0.062238 0.559999
16.100000 0.498160 0.064288 0.562448
16.200000 0.498510 0.062050 0.560560
16.300000 0.498742 0.056778 0.555520
16.400000 0.498816 0.051306 0.550122
16.500000 0.498713 0.048397 0.547110
16.600000 0.498419 0.049196 0.547615
16.700000 0.497883 0.052655 0.550538
16.800000 0.497202 0.056236 0.553437
16.900000 0.496487 0.057474 0.553961
17.000000 0.495818 0.055509 0.551327
17.100000 0.495219 0.051665 0.546884
17.200000 0.494769 0.048644 0.543413
17.300000 0.494465 0.048813 0.543278
17.400000 0.494368 0.052637 0.547006
17.500000 0.494441 0.058295 0.552736
17.600000 0.494681 0.062739 0.557420
17.700000 0.495062 0.063525 0.558587
17.800000 0.495490 0.060250 0.555739
17.900000 0.495888 0.054749 0.550637
18.000000 0.496094 0.049980 0.546074
18.100000 0.496128 0.048318 0.544446
18.200000 0.496019 0.050233 0.546252
18.300000 0.495698 0.054094 0.549792
18.400000 0.495224 0.057187 0.552411
18.500000 0.494730 0.057383 0.552113
18.600000 0.494314 0.054460 0.548773
18.700000 0.493979 0.050287 0.544266
18.800000 0.493790 0.047681 0.541470
18.900000 0.493751 0.048614 0.542364
19.000000 0.493866 0.052908 0.546773
19.100000 0.494134 0.058275 0.552409
19.200000 0.494502 0.061688 0.556191
19.300000 0.495004 0.061212 0.556216
19.400000 0.495457 0.057128 0.552586
19.500000 0.495814 0.051722 0.547536
19.600000 0.496081 0.047914 0.543995
19.700000 0.496169 0.047577 0.543745
19.800000 0.496074 0.050495 0.546569
19.900000 0.495794 0.054549 0.550342
20.000000 0.495380 0.057003 0.552383
