0.100000 0.508518 0.059935 0.568454
0.200000 0.507937 0.068387 0.576324
0.300000 0.507338 0.080766 0.588104
0.400000 0.506815 0.095934 0.602749
0.500000 0.506418 0.112489 0.618906
0.600000 0.506210 0.128910 0.635121
0.700000 0.506300 0.143738 0.650038
0.800000 0.506857 0.155707 0.662563
0.900000 0.507718 0.163860 0.671578
1.000000 0.508890 0.167617 0.676506
1.100000 0.510241 0.166793 0.677034
1.200000 0.511752 0.161588 0.673340
1.300000 0.513343 0.152551 0.665894
1.400000 0.515006 0.140519 0.655524
1.500000 0.516657 0.126531 0.643189
1.600000 0.518102 0.111738 0.629839
1.700000 0.519342 0.097310 0.616652
1.800000 0.520188 0.084346 0.604534
1.900000 0.520766 0.073774 0.594540
2.000000 0.520967 0.066277 0.587244
2.100000 0.520904 0.062277 0.583181
2.200000 0.520649 0.061918 0.582567
2.300000 0.520203 0.065063 0.585266
2.400000 0.519604 0.071296 0.590901
2.500000 0.518866 0.079956 0.598822
2.600000 0.517964 0.090183 0.608147
2.700000 0.516896 0.100986 0.617882
2.800000 0.515691 0.111307 0.626998
2.900000 0.514362 0.120115 0.634477
3.000000 0.512970 0.126473 0.639443
3.100000 0.511633 0.129655 0.641288
3.200000 0.510432 0.129215 0.639647
3.300000 0.509381 0.125057 0.634438
3.400000 0.508579 0.117475 0.626055
3.500000 0.507953 0.107160 0.615112
3.600000 0.507489 0.095150 0.602638
3.700000 0.507193 0.082752 0.589945
3.800000 0.507024 0.071403 0.578427
3.900000 0.506867 0.062530 0.569397
4.000000 0.506604 0.057378 0.563982
4.100000 0.506307 0.056866 0.563173
4.200000 0.505985 0.061472 0.567457
4.300000 0.505607 0.071165 0.576772
4.400000 0.505243 0.085405 0.590647
4.500000 0.504974 0.103199 0.608174
4.600000 0.504848 0.123202 0.628050
4.700000 0.504856 0.143871 0.648727
4.800000 0.504957 0.163622 0.668579
4.900000 0.505252 0.180972 0.686225
5.000000 0.505650 0.194669 0.700319
5.100000 0.506334 0.203783 0.710116
5.200000 0.507218 0.207778 0.714996
5.300000 0.508230 0.206524 0.714754
5.400000 0.509476 0.200280 0.709756
5.500000 0.510897 0.189647 0.700544
5.600000 0.512473 0.175498 0.687971
5.700000 0.514239 0.158897 0.673135
5.800000 0.516045 0.141007 0.657051
5.900000 0.517746 0.123007 0.640753
6.000000 0.519375 0.106021 0.625396
6.100000 0.520709 0.091058 0.611767
6.200000 0.521551 0.078936 0.600487
6.300000 0.521903 0.070112 0.592015
6.400000 0.521940 0.064715 0.586655
6.500000 0.521770 0.062657 0.584427
6.600000 0.521304 0.063634 0.584938
6.700000 0.520613 0.067122 0.587735
6.800000 0.519715 0.072411 0.592126
6.900000 0.518603 0.078670 0.597273
7.000000 0.517399 0.085007 0.602407
7.100000 0.516188 0.090579 0.606767
7.200000 0.514939 0.094659 0.609598
7.300000 0.513693 0.096726 0.610418
7.400000 0.512391 0.096491 0.608882
7.500000 0.511173 0.093930 0.605103
7.600000 0.510043 0.089298 0.599341
7.700000 0.509014 0.083140 0.592154
7.800000 0.508207 0.076261 0.584467
7.900000 0.507531 0.069639 0.577170
8.000000 0.507164 0.064338 0.571502
8.100000 0.506873 0.061391 0.568263
8.200000 0.506689 0.061676 0.568365
8.300000 0.506584 0.065795 0.572378
8.400000 0.506550 0.073995 0.580545
8.500000 0.506569 0.086126 0.592695
8.600000 0.506711 0.101631 0.608341
8.700000 0.506944 0.119608 0.626552
8.800000 0.507298 0.138893 0.646190
8.900000 0.507857 0.158172 0.666029
9.000000 0.508585 0.176113 0.684699
9.100000 0.509484 0.191494 0.700978
9.200000 0.510485 0.203293 0.713778
9.300000 0.511659 0.210772 0.722431
9.400000 0.513014 0.213515 0.726529
9.500000 0.514351 0.211453 0.725805
9.600000 0.515826 0.204853 0.720680
9.700000 0.517304 0.194277 0.711581
9.800000 0.518787 0.180523 0.699310
9.900000 0.520273 0.164554 0.684827
10.000000 0.521650 0.147418 0.669068
10.100000 0.522841 0.130167 0.653007
10.200000 0.523773 0.113784 0.637556
10.300000 0.524573 0.099114 0.623687
10.400000 0.525159 0.086813 0.611972
10.500000 0.525623 0.077318 0.602940
10.600000 0.525802 0.070838 0.596639
10.700000 0.525762 0.067357 0.593119
10.800000 0.525387 0.066658 0.592045
10.900000 0.524732 0.068319 0.593051
11.000000 0.523772 0.071733 0.595505
11.100000 0.522580 0.076167 0.598747
11.200000 0.521228 0.080859 0.602087
11.300000 0.519776 0.085073 0.604849
11.400000 0.518276 0.088178 0.606455
11.500000 0.516820 0.089702 0.606522
11.600000 0.515432 0.089389 0.604821
11.700000 0.514197 0.087245 0.601442
11.800000 0.513121 0.083546 0.596666
11.900000 0.512208 0.078823 0.591030
12.000000 0.511486 0.073822 0.585308
12.100000 0.510987 0.069439 0.580426
12.200000 0.510609 0.066618 0.577227
12.300000 0.510359 0.066251 0.576609
12.400000 0.510253 0.069069 0.579322
12.500000 0.510259 0.075540 0.585799
12.600000 0.510370 0.085789 0.596159
12.700000 0.510515 0.099571 0.610086
12.800000 0.510799 0.116292 0.627091
12.900000 0.511076 0.135046 0.646122
13.000000 0.511487 0.154700 0.666187
13.100000 0.512012 0.173985 0.685997
13.200000 0.512774 0.191621 0.704395
13.300000 0.513730 0.206451 0.720180
13.400000 0.514928 0.217524 0.732453
13.500000 0.516425 0.224174 0.740600
13.600000 0.518210 0.226058 0.744268
13.700000 0.520151 0.223169 0.743321
13.800000 0.522200 0.215819 0.738019
13.900000 0.524290 0.204611 0.728902
14.000000 0.526311 0.190364 0.716675
14.100000 0.528103 0.174028 0.702131
14.200000 0.529624 0.156605 0.686229
14.300000 0.530859 0.139086 0.669945
14.400000 0.531771 0.122391 0.654163
14.500000 0.532341 0.107315 0.639656
14.600000 0.532563 0.094475 0.627039
14.700000 0.532515 0.084288 0.616803
14.800000 0.532159 0.076938 0.609097
14.900000 0.531593 0.072389 0.603981
15.000000 0.530864 0.070409 0.601273
15.100000 0.530037 0.070604 0.600641
15.200000 0.529016 0.072452 0.601468
15.300000 0.527797 0.075352 0.603149
15.400000 0.526432 0.078669 0.605101
15.500000 0.524896 0.081777 0.606672
15.600000 0.523306 0.084133 0.607439
15.700000 0.521673 0.085334 0.607007
15.800000 0.520083 0.085177 0.605260
15.900000 0.518621 0.083693 0.602314
16.000000 0.517255 0.081151 0.598406
16.100000 0.516032 0.078046 0.594078
16.200000 0.514927 0.075048 0.589975
16.300000 0.513895 0.072938 0.586833
16.400000 0.513019 0.072528 0.585547
16.500000 0.512184 0.074561 0.586744
16.600000 0.511552 0.079610 0.591162
16.700000 0.511031 0.088012 0.599042
16.800000 0.510700 0.099790 0.610490
16.900000 0.510436 0.114647 0.625082
17.000000 0.510348 0.131958 0.642305
17.100000 0.510516 0.150828 0.661344
17.200000 0.510919 0.170176 0.681094
17.300000 0.511564 0.188831 0.700395
17.400000 0.512423 0.205645 0.718067
17.500000 0.513447 0.219582 0.733029
17.600000 0.514686 0.229807 0.744493
17.700000 0.515999 0.235750 0.751750
17.800000 0.517462 0.237132 0.754594
17.900000 0.518942 0.233979 0.752922
18.000000 0.520468 0.226609 0.747077
18.100000 0.521928 0.215586 0.737513
18.200000 0.523193 0.201673 0.724866
18.300000 0.524306 0.185759 0.710065
18.400000 0.525218 0.168788 0.694006
18.500000 0.525964 0.151704 0.677668
18.600000 0.526398 0.135376 0.661774
18.700000 0.526705 0.120556 0.647261
18.800000 0.526821 0.107829 0.634651
18.900000 0.526761 0.097588 0.624349
19.000000 0.526447 0.090021 0.616468
19.100000 0.526062 0.085111 0.611173
19.200000 0.525558 0.082666 0.608224
19.300000 0.524870 0.082342 0.607211
19.400000 0.523875 0.083668 0.607542
19.500000 0.522730 0.086053 0.608783
19.600000 0.521441 0.088850 0.610291
19.700000 0.520135 0.091444 0.611579
19.800000 0.518895 0.093324 0.612219
19.900000 0.517594 0.094137 0.611731
20.000000 0.516440 0.093724 0.610164
