0.100000 0.508535 0.059960 0.568496
0.200000 0.507992 0.065944 0.573936
0.300000 0.507394 0.069548 0.576942
0.400000 0.506742 0.068142 0.574884
0.500000 0.505972 0.063311 0.569283
0.600000 0.505074 0.059335 0.564409
0.700000 0.504122 0.059392 0.563514
0.800000 0.503145 0.062865 0.566010
0.900000 0.502256 0.066097 0.568354
1.000000 0.501456 0.065872 0.567328
1.100000 0.500926 0.062479 0.563405
1.200000 0.500617 0.059509 0.560127
1.300000 0.500536 0.060459 0.560995
1.400000 0.500747 0.065279 0.566027
1.500000 0.501185 0.070213 0.571398
1.600000 0.501668 0.071128 0.572796
1.700000 0.502160 0.067201 0.569361
1.800000 0.502531 0.061591 0.564122
1.900000 0.502645 0.058579 0.561224
2.000000 0.502613 0.059862 0.562475
2.100000 0.502423 0.063239 0.565662
2.200000 0.502183 0.064801 0.566984
2.300000 0.502123 0.062641 0.564763
2.400000 0.502221 0.058707 0.560928
2.500000 0.502556 0.056999 0.559555
2.600000 0.503078 0.059713 0.562791
2.700000 0.503750 0.064964 0.568714
2.800000 0.504591 0.068340 0.572931
2.900000 0.505375 0.066841 0.572216
3.000000 0.506005 0.061519 0.567524
3.100000 0.506376 0.056471 0.562848
3.200000 0.506435 0.055227 0.561662
3.300000 0.506192 0.057780 0.563973
3.400000 0.505794 0.060833 0.566627
3.500000 0.505196 0.060985 0.566181
3.600000 0.504630 0.057982 0.562612
3.700000 0.504182 0.055018 0.559200
3.800000 0.503873 0.055692 0.559565
3.900000 0.503709 0.060437 0.564146
4.000000 0.503657 0.065851 0.569508
4.100000 0.503700 0.067638 0.571338
4.200000 0.503817 0.064404 0.568221
4.300000 0.503927 0.058814 0.562741
4.400000 0.503911 0.055172 0.559082
4.500000 0.503682 0.055695 0.559377
4.600000 0.503392 0.058787 0.562179
4.700000 0.503001 0.060746 0.563746
4.800000 0.502546 0.059343 0.561889
4.900000 0.502057 0.056017 0.558074
5.000000 0.501519 0.054565 0.556084
5.100000 0.501066 0.057463 0.558529
5.200000 0.500674 0.063284 0.563958
5.300000 0.500386 0.067741 0.568127
5.400000 0.500168 0.067439 0.567606
5.500000 0.499992 0.062821 0.562813
5.600000 0.499734 0.057675 0.557410
5.700000 0.499418 0.055781 0.555198
5.800000 0.499022 0.057735 0.556757
5.900000 0.498563 0.060712 0.559275
6.000000 0.498120 0.061282 0.559402
6.100000 0.497820 0.058726 0.556546
6.200000 0.497619 0.055799 0.553418
6.300000 0.497577 0.056107 0.553685
6.400000 0.497702 0.060514 0.558216
6.500000 0.497944 0.066042 0.563986
6.600000 0.498301 0.068368 0.566669
6.700000 0.498716 0.065624 0.564340
6.800000 0.499153 0.059977 0.559129
6.900000 0.499425 0.055660 0.555085
7.000000 0.499528 0.055319 0.554847
7.100000 0.499501 0.057926 0.557427
7.200000 0.499404 0.059996 0.559400
7.300000 0.499293 0.058982 0.558275
7.400000 0.499241 0.055750 0.554991
7.500000 0.499281 0.053796 0.553077
7.600000 0.499508 0.055841 0.555349
7.700000 0.499860 0.061022 0.560882
7.800000 0.500347 0.065410 0.565757
7.900000 0.500850 0.065439 0.566289
8.000000 0.501374 0.061037 0.562411
8.100000 0.501698 0.055622 0.557320
8.200000 0.501830 0.053089 0.554919
8.300000 0.501746 0.054516 0.556262
8.400000 0.501392 0.057478 0.558870
8.500000 0.500942 0.058486 0.559428
8.600000 0.500547 0.056334 0.556881
8.700000 0.500155 0.053294 0.553449
8.800000 0.499841 0.052960 0.552801
8.900000 0.499768 0.056695 0.556463
9.000000 0.499788 0.062087 0.561875
9.100000 0.499900 0.064950 0.564850
9.200000 0.500052 0.063021 0.563072
9.300000 0.500180 0.057919 0.558099
9.400000 0.500140 0.053653 0.553792
9.500000 0.499956 0.053119 0.553075
9.600000 0.499621 0.055732 0.555353
9.700000 0.499186 0.058199 0.557385
9.800000 0.498802 0.057707 0.556509
9.900000 0.498509 0.054636 0.553144
10.000000 0.498372 0.052255 0.550627
10.100000 0.498449 0.053582 0.552032
10.200000 0.498644 0.058339 0.556984
10.300000 0.498989 0.062953 0.561942
10.400000 0.499409 0.063672 0.563081
10.500000 0.499807 0.059869 0.559676
10.600000 0.500053 0.054531 0.554584
10.700000 0.500110 0.051590 0.551701
10.800000 0.499948 0.052569 0.552517
10.900000 0.499592 0.055479 0.555071
11.000000 0.499105 0.056869 0.555974
11.100000 0.498547 0.055154 0.553700
11.200000 0.498084 0.052185 0.550269
11.300000 0.497622 0.051517 0.549139
11.400000 0.497324 0.054904 0.552228
11.500000 0.497207 0.060386 0.557592
11.600000 0.497210 0.063844 0.561054
11.700000 0.497245 0.062613 0.559857
11.800000 0.497289 0.057779 0.555068
11.900000 0.497172 0.053149 0.550322
12.000000 0.496918 0.051932 0.548850
12.100000 0.496550 0.054096 0.550646
12.200000 0.496075 0.056684 0.552759
12.300000 0.495572 0.056728 0.552300
12.400000 0.495125 0.054117 0.549242
12.500000 0.494834 0.051746 0.546580
12.600000 0.494716 0.052721 0.547437
12.700000 0.494863 0.057212 0.552075
12.800000 0.495196 0.062021 0.557217
12.900000 0.495591 0.063323 0.558914
13.000000 0.496017 0.060038 0.556055
13.100000 0.496333 0.054715 0.551048
13.200000 0.496576 0.051258 0.547834
13.300000 0.496685 0.051588 0.548273
13.400000 0.496693 0.054176 0.550869
13.500000 0.496649 0.055669 0.552318
13.600000 0.496658 0.054122 0.550779
13.700000 0.496768 0.050895 0.547664
13.800000 0.497021 0.049383 0.546404
13.900000 0.497403 0.051704 0.549107
14.000000 0.497937 0.056477 0.554414
14.100000 0.498554 0.059873 0.558427
14.200000 0.499154 0.059001 0.558154
14.300000 0.499670 0.054446 0.554116
14.400000 0.499999 0.049703 0.549702
14.500000 0.500071 0.048106 0.548177
14.600000 0.499860 0.050030 0.549890
14.700000 0.499424 0.052792 0.552216
14.800000 0.498886 0.053275 0.552161
14.900000 0.498379 0.050894 0.549274
15.000000 0.497859 0.048190 0.546049
15.100000 0.497565 0.048388 0.545953
15.200000 0.497491 0.052205 0.549696
15.300000 0.497573 0.056939 0.554511
15.400000 0.497820 0.058797 0.556617
15.500000 0.498207 0.056262 0.554468
15.600000 0.498488 0.051410 0.549898
15.700000 0.498601 0.048028 0.546629
15.800000 0.498529 0.048330 0.546859
15.900000 0.498200 0.051161 0.549361
16.000000 0.497814 0.053243 0.551057
16.100000 0.497345 0.052291 0.549636
16.200000 0.496915 0.049197 0.546112
16.300000 0.496615 0.047224 0.543839
16.400000 0.496430 0.048862 0.545292
16.500000 0.496445 0.053323 0.549768
16.600000 0.496576 0.057093 0.553669
16.700000 0.496715 0.057074 0.553789
16.800000 0.496818 0.053345 0.550163
16.900000 0.496823 0.049041 0.545864
17.000000 0.496624 0.047557 0.544181
17.100000 0.496306 0.049615 0.545921
17.200000 0.495816 0.052778 0.548594
17.300000 0.495232 0.053777 0.549009
17.400000 0.494736 0.051581 0.546317
17.500000 0.494360 0.048397 0.542757
17.600000 0.494208 0.047599 0.541808
17.700000 0.494282 0.050466 0.544748
17.800000 0.494494 0.054841 0.549335
17.900000 0.494863 0.057028 0.551891
18.000000 0.495218 0.055140 0.550358
18.100000 0.495412 0.050783 0.546195
18.200000 0.495427 0.047581 0.543009
18.300000 0.495219 0.047967 0.543187
18.400000 0.494716 0.051111 0.545826
18.500000 0.494122 0.053781 0.547903
18.600000 0.493471 0.053354 0.546824
18.700000 0.492896 0.050269 0.543165
18.800000 0.492475 0.047652 0.540127
18.900000 0.492258 0.048363 0.540621
19.000000 0.492187 0.052210 0.544397
19.100000 0.492294 0.056026 0.548319
19.200000 0.492507 0.056540 0.549046
19.300000 0.492754 0.053348 0.546102
19.400000 0.492856 0.049240 0.542097
19.500000 0.492798 0.047665 0.540463
19.600000 0.492622 0.049685 0.542307
19.700000 0.492287 0.053106 0.545394
19.800000 0.491927 0.054524 0.546450
19.900000 0.491585 0.052465 0.544050
20.000000 0.491398 0.048792 0.540191
