0.100000 0.508458 0.058962 0.567420
0.200000 0.507687 0.066026 0.573712
0.300000 0.506756 0.075708 0.582464
0.400000 0.505734 0.085727 0.591461
0.500000 0.504655 0.093717 0.598372
0.600000 0.503611 0.097797 0.601407
0.700000 0.502689 0.097050 0.599739
0.800000 0.501956 0.091734 0.593690
0.900000 0.501417 0.083217 0.584633
1.000000 0.501025 0.073630 0.574655
1.100000 0.500768 0.065343 0.566111
1.200000 0.500610 0.060379 0.560989
1.300000 0.500562 0.059931 0.560492
1.400000 0.500636 0.064070 0.564706
1.500000 0.500786 0.071738 0.572525
1.600000 0.500942 0.081007 0.581949
1.700000 0.501068 0.089561 0.590630
1.800000 0.501204 0.095264 0.596469
1.900000 0.501285 0.096684 0.597969
2.000000 0.501353 0.093421 0.594775
2.100000 0.501497 0.086226 0.587723
2.200000 0.501652 0.076812 0.578463
2.300000 0.501935 0.067434 0.569370
2.400000 0.502305 0.060336 0.562640
2.500000 0.502728 0.057188 0.559916
2.600000 0.503195 0.058699 0.561894
2.700000 0.503645 0.064427 0.568072
2.800000 0.504141 0.072908 0.577049
2.900000 0.504535 0.082004 0.586539
3.000000 0.504887 0.089436 0.594323
3.100000 0.505088 0.093337 0.598425
3.200000 0.505190 0.092703 0.597893
3.300000 0.505123 0.087649 0.592773
3.400000 0.505048 0.079372 0.584420
3.500000 0.504870 0.069862 0.574732
3.600000 0.504630 0.061414 0.566044
3.700000 0.504380 0.056067 0.560448
3.800000 0.504161 0.055095 0.559256
3.900000 0.503875 0.058705 0.562580
4.000000 0.503639 0.065981 0.569620
4.100000 0.503404 0.075115 0.578520
4.200000 0.503233 0.083842 0.587074
4.300000 0.503113 0.090004 0.593117
4.400000 0.503013 0.092076 0.595089
4.500000 0.502848 0.089539 0.592388
4.600000 0.502790 0.083015 0.585804
4.700000 0.502736 0.074108 0.576845
4.800000 0.502542 0.065019 0.567561
4.900000 0.502322 0.057988 0.560310
5.000000 0.501881 0.054755 0.556636
5.100000 0.501350 0.056133 0.557483
5.200000 0.500768 0.061809 0.562576
5.300000 0.500160 0.070424 0.570584
5.400000 0.499568 0.079907 0.579474
5.500000 0.499063 0.087978 0.587040
5.600000 0.498521 0.092700 0.591221
5.700000 0.498171 0.092944 0.591115
5.800000 0.497912 0.088674 0.586586
5.900000 0.497746 0.080944 0.578689
6.000000 0.497709 0.071641 0.569351
6.100000 0.497733 0.063028 0.560762
6.200000 0.497796 0.057186 0.554982
6.300000 0.497873 0.055503 0.553376
6.400000 0.497886 0.058345 0.556230
6.500000 0.497892 0.064967 0.562860
6.600000 0.497848 0.073698 0.571546
6.700000 0.497770 0.082357 0.580127
6.800000 0.497780 0.088792 0.586571
6.900000 0.497720 0.091403 0.589124
7.000000 0.497733 0.089532 0.587265
7.100000 0.497752 0.083625 0.581377
7.200000 0.497838 0.075108 0.572946
7.300000 0.497946 0.066049 0.563994
7.400000 0.498104 0.058641 0.556745
7.500000 0.498291 0.054672 0.552962
7.600000 0.498522 0.055084 0.553606
7.700000 0.498751 0.059744 0.558496
7.800000 0.498982 0.067472 0.566453
7.900000 0.499206 0.076334 0.575540
8.000000 0.499463 0.084119 0.583581
8.100000 0.499704 0.088884 0.588587
8.200000 0.499915 0.089424 0.589339
8.300000 0.500138 0.085570 0.585708
8.400000 0.500258 0.078229 0.578487
8.500000 0.500337 0.069160 0.569497
8.600000 0.500373 0.060545 0.560918
8.700000 0.500264 0.054454 0.554717
8.800000 0.500127 0.052340 0.552467
8.900000 0.499963 0.054689 0.554652
9.000000 0.499742 0.060898 0.560640
9.100000 0.499506 0.069427 0.568933
9.200000 0.499240 0.078177 0.577418
9.300000 0.498997 0.085000 0.583997
9.400000 0.498692 0.088225 0.586918
9.500000 0.498377 0.087067 0.585444
9.600000 0.498138 0.081810 0.579948
9.700000 0.497851 0.073747 0.571598
9.800000 0.497627 0.064852 0.562479
9.900000 0.497470 0.057299 0.554769
10.000000 0.497354 0.052931 0.550284
10.100000 0.497297 0.052802 0.550100
10.200000 0.497267 0.056928 0.554195
10.300000 0.497297 0.064281 0.561578
10.400000 0.497317 0.073036 0.570354
10.500000 0.497346 0.081027 0.578373
10.600000 0.497400 0.086268 0.583668
10.700000 0.497444 0.087450 0.584894
10.800000 0.497515 0.084259 0.581774
10.900000 0.497558 0.077453 0.575011
11.000000 0.497664 0.068676 0.566340
11.100000 0.497685 0.060048 0.557734
11.200000 0.497636 0.053660 0.551296
11.300000 0.497472 0.051049 0.548522
11.400000 0.497242 0.052837 0.550080
11.500000 0.496955 0.058572 0.555527
11.600000 0.496619 0.066839 0.563459
11.700000 0.496232 0.075611 0.571843
11.800000 0.495853 0.082737 0.578591
11.900000 0.495467 0.086481 0.581948
12.000000 0.495147 0.085937 0.581084
12.100000 0.494904 0.081253 0.576157
12.200000 0.494771 0.073581 0.568353
12.300000 0.494725 0.064794 0.559519
12.400000 0.494712 0.057030 0.551741
12.500000 0.494749 0.052165 0.546914
12.600000 0.494871 0.051352 0.546223
12.700000 0.495069 0.054746 0.549815
12.800000 0.495270 0.061476 0.556746
12.900000 0.495353 0.069861 0.565214
13.000000 0.495479 0.077813 0.573292
13.100000 0.495606 0.083338 0.578944
13.200000 0.495727 0.085032 0.580759
13.300000 0.495862 0.082432 0.578294
13.400000 0.496030 0.076129 0.572159
13.500000 0.496264 0.067618 0.563881
13.600000 0.496589 0.058922 0.555511
13.700000 0.496884 0.052104 0.548989
13.800000 0.497261 0.048755 0.546017
13.900000 0.497641 0.049613 0.547254
14.000000 0.498001 0.054382 0.552384
14.100000 0.498354 0.061813 0.560168
14.200000 0.498681 0.070015 0.568696
14.300000 0.498954 0.076921 0.575875
14.400000 0.499135 0.080794 0.579929
14.500000 0.499178 0.080649 0.579827
14.600000 0.499086 0.076494 0.575580
14.700000 0.498915 0.069329 0.568244
14.800000 0.498691 0.060892 0.559583
14.900000 0.498446 0.053247 0.551693
15.000000 0.498104 0.048263 0.546367
15.100000 0.497759 0.047161 0.544921
15.200000 0.497449 0.050214 0.547663
15.300000 0.497209 0.056678 0.553887
15.400000 0.496992 0.064973 0.561966
15.500000 0.496880 0.073070 0.569949
15.600000 0.496737 0.078987 0.575724
15.700000 0.496678 0.081271 0.577948
15.800000 0.496643 0.079358 0.576001
15.900000 0.496598 0.073703 0.570302
16.000000 0.496605 0.065679 0.562284
16.100000 0.496559 0.057232 0.553791
16.200000 0.496458 0.050411 0.546869
16.300000 0.496291 0.046864 0.543156
16.400000 0.496048 0.047440 0.543488
16.500000 0.495764 0.051979 0.547743
16.600000 0.495511 0.059355 0.554866
16.700000 0.495180 0.067755 0.562936
16.800000 0.494820 0.075129 0.569949
16.900000 0.494516 0.079676 0.574192
17.000000 0.494162 0.080301 0.574464
17.100000 0.493807 0.076868 0.570676
17.200000 0.493549 0.070238 0.563787
17.300000 0.493295 0.062052 0.555347
17.400000 0.493079 0.054334 0.547412
17.500000 0.492910 0.048987 0.541896
17.600000 0.492726 0.047333 0.540059
17.700000 0.492608 0.049791 0.542399
17.800000 0.492475 0.055772 0.548246
17.900000 0.492360 0.063823 0.556183
18.000000 0.492229 0.071985 0.564214
18.100000 0.492032 0.078273 0.570305
18.200000 0.491847 0.081157 0.573004
18.300000 0.491607 0.079938 0.571544
18.400000 0.491333 0.074916 0.566249
18.500000 0.491074 0.067322 0.558396
18.600000 0.490864 0.059017 0.549881
18.700000 0.490666 0.052033 0.542699
18.800000 0.490472 0.048075 0.538547
18.900000 0.490396 0.048103 0.538499
19.000000 0.490336 0.052095 0.542431
19.100000 0.490337 0.059052 0.549389
19.200000 0.490436 0.067242 0.557677
19.300000 0.490584 0.074626 0.565210
19.400000 0.490800 0.079357 0.570157
19.500000 0.491052 0.080237 0.571289
19.600000 0.491313 0.077008 0.568321
19.700000 0.491591 0.070424 0.562016
19.800000 0.491746 0.062064 0.553810
19.900000 0.491844 0.053948 0.545792
20.000000 0.491849 0.048045 0.539894
