0.100000 0.508542 0.060199 0.568741
0.200000 0.508038 0.068415 0.576453
0.300000 0.507565 0.079007 0.586572
0.400000 0.507204 0.089567 0.596771
0.500000 0.506996 0.097713 0.604709
0.600000 0.506986 0.101668 0.608654
0.700000 0.507204 0.100687 0.607890
0.800000 0.507674 0.095172 0.602846
0.900000 0.508231 0.086529 0.594759
1.000000 0.508769 0.076789 0.585558
1.100000 0.509173 0.068121 0.577294
1.200000 0.509375 0.062340 0.571716
1.300000 0.509303 0.060536 0.569839
1.400000 0.508995 0.062851 0.571846
1.500000 0.508454 0.068471 0.576925
1.600000 0.507644 0.075817 0.583461
1.700000 0.506728 0.082910 0.589638
1.800000 0.505688 0.087834 0.593521
1.900000 0.504616 0.089192 0.593808
2.000000 0.503724 0.086479 0.590203
2.100000 0.503019 0.080262 0.583281
2.200000 0.502539 0.072090 0.574630
2.300000 0.502451 0.064136 0.566586
2.400000 0.502587 0.058629 0.561216
2.500000 0.502965 0.057242 0.560207
2.600000 0.503520 0.060623 0.564143
2.700000 0.504210 0.068187 0.572397
2.800000 0.505030 0.078261 0.583291
2.900000 0.505959 0.088527 0.594486
3.000000 0.506978 0.096621 0.603600
3.100000 0.508007 0.100719 0.608727
3.200000 0.509076 0.099959 0.609035
3.300000 0.510099 0.094596 0.604695
3.400000 0.510991 0.085886 0.596877
3.500000 0.511641 0.075743 0.587384
3.600000 0.512053 0.066291 0.578345
3.700000 0.512211 0.059382 0.571593
3.800000 0.512098 0.056214 0.568312
3.900000 0.511606 0.057094 0.568700
4.000000 0.510806 0.061394 0.572200
4.100000 0.509813 0.067716 0.577530
4.200000 0.508678 0.074216 0.582893
4.300000 0.507525 0.079043 0.586568
4.400000 0.506376 0.080803 0.587179
4.500000 0.505380 0.078920 0.584300
4.600000 0.504582 0.073834 0.578416
4.700000 0.503867 0.066933 0.570801
4.800000 0.503275 0.060227 0.563502
4.900000 0.502719 0.055819 0.558537
5.000000 0.502173 0.055326 0.557499
5.100000 0.501682 0.059408 0.561091
5.200000 0.501307 0.067555 0.568862
5.300000 0.501088 0.078190 0.579278
5.400000 0.501050 0.089077 0.590128
5.500000 0.501287 0.097894 0.599182
5.600000 0.501790 0.102790 0.604581
5.700000 0.502538 0.102811 0.605349
5.800000 0.503479 0.098083 0.601562
5.900000 0.504471 0.089726 0.594197
6.000000 0.505443 0.079548 0.584991
6.100000 0.506331 0.069614 0.575945
6.200000 0.506998 0.061796 0.568793
6.300000 0.507352 0.057380 0.564731
6.400000 0.507360 0.056823 0.564183
6.500000 0.507092 0.059693 0.566785
6.600000 0.506578 0.064789 0.571367
6.700000 0.505850 0.070451 0.576301
6.800000 0.505043 0.074949 0.579992
6.900000 0.504202 0.076917 0.581119
7.000000 0.503406 0.075699 0.579105
7.100000 0.502701 0.071547 0.574248
7.200000 0.502119 0.065592 0.567710
7.300000 0.501708 0.059574 0.561282
7.400000 0.501434 0.055392 0.556826
7.500000 0.501350 0.054577 0.555927
7.600000 0.501441 0.057841 0.559282
7.700000 0.501748 0.064850 0.566598
7.800000 0.502224 0.074280 0.576504
7.900000 0.502902 0.084151 0.587053
8.000000 0.503855 0.092328 0.596183
8.100000 0.504927 0.097057 0.601984
8.200000 0.506136 0.097375 0.603511
8.300000 0.507342 0.093292 0.600634
8.400000 0.508468 0.085755 0.594223
8.500000 0.509488 0.076389 0.585876
8.600000 0.510249 0.067097 0.577346
8.700000 0.510735 0.059650 0.570385
8.800000 0.510914 0.055307 0.566221
8.900000 0.510803 0.054580 0.565383
9.000000 0.510406 0.057151 0.567557
9.100000 0.509798 0.061969 0.571767
9.200000 0.509038 0.067500 0.576537
9.300000 0.508140 0.072102 0.580242
9.400000 0.507176 0.074412 0.581588
9.500000 0.506244 0.073702 0.579946
9.600000 0.505424 0.070085 0.575509
9.700000 0.504651 0.064521 0.569172
9.800000 0.504052 0.058596 0.562647
9.900000 0.503665 0.054112 0.557777
10.000000 0.503521 0.052595 0.556115
10.100000 0.503545 0.054862 0.558406
10.200000 0.503879 0.060759 0.564638
10.300000 0.504312 0.069185 0.573497
10.400000 0.504964 0.078357 0.583321
10.500000 0.505784 0.086271 0.592055
10.600000 0.506674 0.091210 0.597884
10.700000 0.507545 0.092147 0.599692
10.800000 0.508435 0.088963 0.597398
10.900000 0.509232 0.082432 0.591664
11.000000 0.509821 0.073999 0.583820
11.100000 0.510155 0.065434 0.575589
11.200000 0.510213 0.058431 0.568644
11.300000 0.509935 0.054251 0.564185
11.400000 0.509454 0.053467 0.562921
11.500000 0.508752 0.055870 0.564622
11.600000 0.507848 0.060537 0.568385
11.700000 0.506758 0.066054 0.572812
11.800000 0.505601 0.070840 0.576441
11.900000 0.504410 0.073534 0.577944
12.000000 0.503320 0.073342 0.576663
12.100000 0.502383 0.070264 0.572647
12.200000 0.501655 0.065107 0.566761
12.300000 0.501138 0.059308 0.560446
12.400000 0.500905 0.054566 0.555471
12.500000 0.500937 0.052388 0.553325
12.600000 0.501266 0.053661 0.554927
12.700000 0.501804 0.058397 0.560202
12.800000 0.502549 0.065700 0.568249
12.900000 0.503478 0.073988 0.577467
13.000000 0.504452 0.081396 0.585848
13.100000 0.505568 0.086230 0.591798
13.200000 0.506751 0.087400 0.594150
13.300000 0.508075 0.084664 0.592739
13.400000 0.509423 0.078651 0.588074
13.500000 0.510652 0.070669 0.581321
13.600000 0.511796 0.062381 0.574177
13.700000 0.512684 0.055432 0.568116
13.800000 0.513315 0.051089 0.564404
13.900000 0.513650 0.049988 0.563637
14.000000 0.513663 0.052014 0.565677
14.100000 0.513396 0.056355 0.569751
14.200000 0.512821 0.061685 0.574507
14.300000 0.512053 0.066486 0.578540
14.400000 0.511171 0.069400 0.580571
14.500000 0.510215 0.069568 0.579783
14.600000 0.509228 0.066862 0.576090
14.700000 0.508306 0.061945 0.570251
14.800000 0.507515 0.056125 0.563641
14.900000 0.506920 0.051024 0.557944
15.000000 0.506426 0.048149 0.554575
15.100000 0.506245 0.048480 0.554725
15.200000 0.506236 0.052174 0.558410
15.300000 0.506436 0.058515 0.564951
15.400000 0.506871 0.066090 0.572960
15.500000 0.507481 0.073160 0.580641
15.600000 0.508163 0.078107 0.586270
15.700000 0.508892 0.079831 0.588723
15.800000 0.509664 0.078002 0.587666
15.900000 0.510289 0.073111 0.583400
16.000000 0.510840 0.066321 0.577161
16.100000 0.511165 0.059180 0.570344
16.200000 0.511201 0.053262 0.564463
16.300000 0.510907 0.049817 0.560724
16.400000 0.510349 0.049502 0.559851
16.500000 0.509461 0.052251 0.561711
16.600000 0.508367 0.057294 0.565661
16.700000 0.507172 0.063332 0.570504
16.800000 0.505895 0.068837 0.574732
16.900000 0.504627 0.072403 0.577030
17.000000 0.503464 0.073087 0.576551
17.100000 0.502512 0.070659 0.573171
17.200000 0.501787 0.065685 0.567472
17.300000 0.501254 0.059418 0.560672
17.400000 0.501000 0.053482 0.554482
17.500000 0.500963 0.049464 0.550427
17.600000 0.501112 0.048481 0.549594
17.700000 0.501482 0.050881 0.552362
17.800000 0.501922 0.056127 0.558048
17.900000 0.502453 0.062950 0.565404
18.000000 0.503059 0.069683 0.572742
18.100000 0.503704 0.074688 0.578392
18.200000 0.504348 0.076785 0.581134
18.300000 0.505055 0.075517 0.580572
18.400000 0.505755 0.071237 0.576992
18.500000 0.506438 0.064989 0.571427
18.600000 0.507007 0.058243 0.565250
18.700000 0.507498 0.052539 0.560037
18.800000 0.507724 0.049148 0.556872
18.900000 0.507706 0.048783 0.556489
19.000000 0.507440 0.051455 0.558895
19.100000 0.507018 0.056465 0.563483
19.200000 0.506387 0.062571 0.568959
19.300000 0.505605 0.068262 0.573867
19.400000 0.504777 0.072098 0.576874
19.500000 0.503953 0.073072 0.577025
19.600000 0.503136 0.070861 0.573997
19.700000 0.502374 0.065938 0.568312
19.800000 0.501736 0.059486 0.561222
19.900000 0.501130 0.053113 0.554243
20.000000 0.500670 0.048444 0.549114
