0.100000 0.508490 0.059516 0.568007
0.200000 0.507820 0.067562 0.575382
0.300000 0.507063 0.079597 0.586659
0.400000 0.506303 0.094538 0.600840
0.500000 0.505559 0.111033 0.616592
0.600000 0.504904 0.127588 0.632492
0.700000 0.504482 0.142733 0.647215
0.800000 0.504324 0.155160 0.659484
0.900000 0.504449 0.163835 0.668284
1.000000 0.504715 0.168080 0.672795
1.100000 0.505185 0.167617 0.672802
1.200000 0.505765 0.162568 0.668333
1.300000 0.506474 0.153438 0.659912
1.400000 0.507302 0.141063 0.648365
1.500000 0.508156 0.126522 0.634679
1.600000 0.508890 0.111050 0.619940
1.700000 0.509504 0.095926 0.605430
1.800000 0.509920 0.082372 0.592292
1.900000 0.510139 0.071436 0.581574
2.000000 0.510189 0.063904 0.574093
2.100000 0.510126 0.060269 0.570395
2.200000 0.510069 0.060690 0.570759
2.300000 0.509958 0.064998 0.574956
2.400000 0.509745 0.072696 0.582442
2.500000 0.509523 0.082999 0.592522
2.600000 0.509253 0.094901 0.604154
2.700000 0.508894 0.107256 0.616150
2.800000 0.508495 0.118872 0.627368
2.900000 0.508031 0.128612 0.636643
3.000000 0.507563 0.135489 0.643052
3.100000 0.507051 0.138762 0.645813
3.200000 0.506466 0.138019 0.644485
3.300000 0.505985 0.133235 0.639220
3.400000 0.505678 0.124787 0.630465
3.500000 0.505387 0.113449 0.618836
3.600000 0.505149 0.100321 0.605470
3.700000 0.504931 0.086741 0.591673
3.800000 0.504771 0.074156 0.578927
3.900000 0.504615 0.063972 0.568588
4.000000 0.504385 0.057423 0.561809
4.100000 0.504118 0.055427 0.559544
4.200000 0.503863 0.058487 0.562350
4.300000 0.503612 0.066638 0.570249
4.400000 0.503363 0.079434 0.582797
4.500000 0.503083 0.095988 0.599071
4.600000 0.502876 0.115065 0.617941
4.700000 0.502658 0.135192 0.637850
4.800000 0.502428 0.154805 0.657233
4.900000 0.502205 0.172379 0.674584
5.000000 0.501956 0.186563 0.688519
5.100000 0.501757 0.196296 0.698053
5.200000 0.501618 0.200895 0.702514
5.300000 0.501608 0.200092 0.701700
5.400000 0.501715 0.194048 0.695763
5.500000 0.501998 0.183317 0.685315
5.600000 0.502465 0.168790 0.671255
5.700000 0.503091 0.151612 0.654703
5.800000 0.503824 0.133086 0.636910
5.900000 0.504571 0.114554 0.619126
6.000000 0.505231 0.097284 0.602515
6.100000 0.505876 0.082365 0.588242
6.200000 0.506473 0.070660 0.577133
6.300000 0.506957 0.062743 0.569700
6.400000 0.507224 0.058866 0.566090
6.500000 0.507270 0.058934 0.566205
6.600000 0.507088 0.062524 0.569613
6.700000 0.506673 0.068922 0.575595
6.800000 0.506155 0.077191 0.583346
6.900000 0.505484 0.086260 0.591744
7.000000 0.504843 0.095011 0.599854
7.100000 0.504182 0.102401 0.606583
7.200000 0.503642 0.107549 0.611191
7.300000 0.503204 0.109828 0.613032
7.400000 0.502860 0.108928 0.611788
7.500000 0.502634 0.104899 0.607533
7.600000 0.502555 0.098152 0.600707
7.700000 0.502471 0.089430 0.591901
7.800000 0.502429 0.079745 0.582173
7.900000 0.502372 0.070286 0.572658
8.000000 0.502400 0.062316 0.564716
8.100000 0.502360 0.057042 0.559402
8.200000 0.502286 0.055483 0.557769
8.300000 0.502086 0.058344 0.560431
8.400000 0.501812 0.065940 0.567751
8.500000 0.501526 0.078147 0.579673
8.600000 0.501244 0.094402 0.595646
8.700000 0.500908 0.113750 0.614658
8.800000 0.500646 0.134924 0.635570
8.900000 0.500497 0.156463 0.656960
9.000000 0.500402 0.176843 0.677245
9.100000 0.500446 0.194616 0.695062
9.200000 0.500612 0.208532 0.709144
9.300000 0.500944 0.217640 0.718584
9.400000 0.501372 0.221359 0.722731
9.500000 0.501912 0.219511 0.721423
9.600000 0.502502 0.212323 0.714826
9.700000 0.503251 0.200390 0.703640
9.800000 0.504041 0.184618 0.688658
9.900000 0.504929 0.166140 0.671069
10.000000 0.505768 0.146227 0.651996
10.100000 0.506572 0.126177 0.632749
10.200000 0.507345 0.107228 0.614573
10.300000 0.507965 0.090459 0.598423
10.400000 0.508417 0.076715 0.585131
10.500000 0.508890 0.066555 0.575446
10.600000 0.509143 0.060225 0.569368
10.700000 0.509190 0.057650 0.566840
10.800000 0.509108 0.058459 0.567566
10.900000 0.508893 0.062027 0.570920
11.000000 0.508496 0.067530 0.576025
11.100000 0.508006 0.074022 0.582027
11.200000 0.507389 0.080528 0.587918
11.300000 0.506628 0.086122 0.592750
11.400000 0.505853 0.090024 0.595876
11.500000 0.505089 0.091672 0.596762
11.600000 0.504367 0.090798 0.595165
11.700000 0.503735 0.087464 0.591199
11.800000 0.503182 0.082075 0.585257
11.900000 0.502748 0.075347 0.578095
12.000000 0.502385 0.068245 0.570629
12.100000 0.502006 0.061877 0.563883
12.200000 0.501741 0.057387 0.559129
12.300000 0.501480 0.055828 0.557308
12.400000 0.501241 0.058058 0.559299
12.500000 0.501053 0.064629 0.565682
12.600000 0.500885 0.075717 0.576601
12.700000 0.500757 0.091073 0.591830
12.800000 0.500700 0.110045 0.610745
12.900000 0.500568 0.131615 0.632183
13.000000 0.500586 0.154481 0.655068
13.100000 0.500715 0.177163 0.677877
13.200000 0.501069 0.198145 0.699214
13.300000 0.501608 0.216033 0.717641
13.400000 0.502356 0.229648 0.732004
13.500000 0.503301 0.238132 0.741433
13.600000 0.504393 0.240992 0.745385
13.700000 0.505481 0.238131 0.743613
13.800000 0.506592 0.229839 0.736431
13.900000 0.507709 0.216764 0.724473
14.000000 0.508708 0.199842 0.708549
14.100000 0.509611 0.180213 0.689824
14.200000 0.510365 0.159114 0.669479
14.300000 0.510961 0.137793 0.648755
14.400000 0.511465 0.117431 0.628896
14.500000 0.511956 0.099068 0.611025
14.600000 0.512247 0.083541 0.595788
14.700000 0.512423 0.071422 0.583845
14.800000 0.512275 0.062991 0.575266
14.900000 0.511916 0.058218 0.570134
15.000000 0.511346 0.056782 0.568128
15.100000 0.510647 0.058114 0.568761
15.200000 0.509785 0.061456 0.571241
15.300000 0.508778 0.065948 0.574726
15.400000 0.507695 0.070702 0.578397
15.500000 0.506563 0.074901 0.581464
15.600000 0.505419 0.077860 0.583278
15.700000 0.504291 0.079117 0.583408
15.800000 0.503214 0.078467 0.581681
15.900000 0.502224 0.076001 0.578225
16.000000 0.501342 0.072103 0.573445
16.100000 0.500594 0.067431 0.568025
16.200000 0.499934 0.062847 0.562781
16.300000 0.499408 0.059340 0.558748
16.400000 0.499006 0.057921 0.556928
16.500000 0.498712 0.059511 0.558223
16.600000 0.498477 0.064828 0.563305
16.700000 0.498283 0.074298 0.572581
16.800000 0.498117 0.087980 0.586097
16.900000 0.498013 0.105539 0.603551
17.000000 0.497976 0.126262 0.624237
17.100000 0.498040 0.149103 0.647143
17.200000 0.498166 0.172774 0.670940
17.300000 0.498449 0.195856 0.694305
17.400000 0.498900 0.216917 0.715817
17.500000 0.499485 0.234631 0.734116
17.600000 0.500153 0.247881 0.748034
17.700000 0.500949 0.255862 0.756811
17.800000 0.501933 0.258120 0.760053
17.900000 0.502951 0.254599 0.757550
18.000000 0.504005 0.245624 0.749629
18.100000 0.504999 0.231855 0.736854
18.200000 0.505881 0.214226 0.720108
18.300000 0.506666 0.193861 0.700527
18.400000 0.507381 0.171993 0.679374
18.500000 0.507979 0.149873 0.657852
18.600000 0.508433 0.128686 0.637119
18.700000 0.508720 0.109469 0.618189
18.800000 0.508805 0.093037 0.601842
18.900000 0.508725 0.079942 0.588667
19.000000 0.508437 0.070445 0.578882
19.100000 0.507994 0.064515 0.572509
19.200000 0.507402 0.061854 0.569256
19.300000 0.506690 0.061925 0.568615
19.400000 0.505839 0.064013 0.569852
19.500000 0.504959 0.067297 0.572256
19.600000 0.504160 0.070938 0.575097
19.700000 0.503286 0.074154 0.577440
19.800000 0.502524 0.076311 0.578835
19.900000 0.501933 0.076978 0.578911
20.000000 0.501474 0.075998 0.577472
