0.100000 0.508542 0.060137 0.568679
0.200000 0.508031 0.067603 0.575633
0.300000 0.507526 0.075545 0.583070
0.400000 0.507074 0.080687 0.587761
0.500000 0.506664 0.081011 0.587675
0.600000 0.506286 0.076629 0.582916
0.700000 0.505951 0.069663 0.575614
0.800000 0.505612 0.063213 0.568825
0.900000 0.505215 0.059968 0.565183
1.000000 0.504675 0.061039 0.565713
1.100000 0.504026 0.065524 0.569551
1.200000 0.503290 0.070960 0.574251
1.300000 0.502548 0.074488 0.577037
1.400000 0.501914 0.074207 0.576121
1.500000 0.501514 0.070128 0.571643
1.600000 0.501202 0.064240 0.565441
1.700000 0.501088 0.059587 0.560675
1.800000 0.501099 0.058779 0.559879
1.900000 0.501246 0.062645 0.563890
2.000000 0.501588 0.069746 0.571334
2.100000 0.502115 0.077042 0.579157
2.200000 0.502791 0.081327 0.584118
2.300000 0.503713 0.080713 0.584426
2.400000 0.504691 0.075451 0.580143
2.500000 0.505674 0.067734 0.573408
2.600000 0.506538 0.060661 0.567199
2.700000 0.507125 0.056864 0.563989
2.800000 0.507433 0.057385 0.564818
2.900000 0.507479 0.061296 0.568775
3.000000 0.507273 0.066172 0.573445
3.100000 0.506806 0.069250 0.576056
3.200000 0.506288 0.068749 0.575037
3.300000 0.505747 0.064773 0.570520
3.400000 0.505244 0.059324 0.564568
3.500000 0.504804 0.055359 0.560162
3.600000 0.504470 0.055315 0.559786
3.700000 0.504297 0.059842 0.564138
3.800000 0.504311 0.067387 0.571697
3.900000 0.504438 0.074894 0.579332
4.000000 0.504682 0.079234 0.583916
4.100000 0.505026 0.078636 0.583662
4.200000 0.505404 0.073448 0.578852
4.300000 0.505779 0.065897 0.571676
4.400000 0.506044 0.059044 0.565087
4.500000 0.506040 0.055433 0.561472
4.600000 0.505824 0.056031 0.561855
4.700000 0.505405 0.059881 0.565286
4.800000 0.504728 0.064618 0.569346
4.900000 0.503858 0.067599 0.571457
5.000000 0.502848 0.067184 0.570032
5.100000 0.501875 0.063564 0.565439
5.200000 0.500937 0.058736 0.559672
5.300000 0.500186 0.055543 0.555729
5.400000 0.499553 0.056247 0.555801
5.500000 0.499156 0.061319 0.560475
5.600000 0.499010 0.069107 0.568117
5.700000 0.499079 0.076563 0.575642
5.800000 0.499404 0.080664 0.580068
5.900000 0.499898 0.079786 0.579684
6.000000 0.500456 0.074394 0.574850
6.100000 0.500966 0.066755 0.567721
6.200000 0.501349 0.059887 0.561236
6.300000 0.501517 0.056240 0.557757
6.400000 0.501458 0.056686 0.558144
6.500000 0.501175 0.060233 0.561409
6.600000 0.500726 0.064552 0.565278
6.700000 0.500209 0.067101 0.567310
6.800000 0.499776 0.066362 0.566138
6.900000 0.499416 0.062610 0.562026
7.000000 0.499239 0.057822 0.557061
7.100000 0.499221 0.054729 0.553950
7.200000 0.499333 0.055426 0.554758
7.300000 0.499690 0.060258 0.559948
7.400000 0.500179 0.067558 0.567737
7.500000 0.500798 0.074388 0.575186
7.600000 0.501536 0.077904 0.579440
7.700000 0.502343 0.076652 0.578995
7.800000 0.503109 0.071184 0.574293
7.900000 0.503733 0.063748 0.567481
8.000000 0.504207 0.057250 0.561458
8.100000 0.504366 0.053990 0.558357
8.200000 0.504249 0.054716 0.558965
8.300000 0.503941 0.058377 0.562318
8.400000 0.503339 0.062669 0.566008
8.500000 0.502657 0.065146 0.567802
8.600000 0.501958 0.064386 0.566344
8.700000 0.501278 0.060722 0.562000
8.800000 0.500702 0.056112 0.556814
8.900000 0.500358 0.053206 0.553563
9.000000 0.500175 0.053990 0.554165
9.100000 0.500195 0.058737 0.558932
9.200000 0.500435 0.065775 0.566210
9.300000 0.500876 0.072251 0.573127
9.400000 0.501410 0.075455 0.576866
9.500000 0.502041 0.074069 0.576110
9.600000 0.502639 0.068721 0.571360
9.700000 0.503123 0.061643 0.564766
9.800000 0.503361 0.055642 0.559003
9.900000 0.503416 0.052873 0.556289
10.000000 0.503312 0.053936 0.557249
10.100000 0.502986 0.057698 0.560683
10.200000 0.502568 0.061856 0.564424
10.300000 0.502148 0.064042 0.566190
10.400000 0.501713 0.062961 0.564674
10.500000 0.501361 0.059055 0.560416
10.600000 0.501088 0.054346 0.555434
10.700000 0.500869 0.051462 0.552330
10.800000 0.500751 0.052319 0.553070
10.900000 0.500715 0.057106 0.557821
11.000000 0.500775 0.064109 0.564884
11.100000 0.500875 0.070494 0.571369
11.200000 0.501001 0.073634 0.574636
11.300000 0.501115 0.072298 0.573413
11.400000 0.501230 0.067163 0.568393
11.500000 0.501298 0.060443 0.561741
11.600000 0.501266 0.054863 0.556129
11.700000 0.501025 0.052468 0.553492
11.800000 0.500603 0.053773 0.554376
11.900000 0.499991 0.057610 0.557601
12.000000 0.499294 0.061724 0.561017
12.100000 0.498617 0.063843 0.562461
12.200000 0.497927 0.062781 0.560709
12.300000 0.497337 0.059035 0.556372
12.400000 0.496942 0.054590 0.551531
12.500000 0.496746 0.051953 0.548699
12.600000 0.496819 0.052888 0.549708
12.700000 0.497102 0.057468 0.554569
12.800000 0.497637 0.063970 0.561607
12.900000 0.498318 0.069674 0.567992
13.000000 0.499149 0.072122 0.571272
13.100000 0.500043 0.070240 0.570283
13.200000 0.500939 0.064785 0.565725
13.300000 0.501786 0.057970 0.559756
13.400000 0.502503 0.052439 0.554942
13.500000 0.503019 0.050115 0.553134
13.600000 0.503359 0.051401 0.554759
13.700000 0.503434 0.055073 0.558506
13.800000 0.503363 0.058883 0.562246
13.900000 0.503188 0.060626 0.563814
14.000000 0.502955 0.059193 0.562148
14.100000 0.502739 0.055140 0.557879
14.200000 0.502611 0.050455 0.553066
14.300000 0.502539 0.047600 0.550139
14.400000 0.502565 0.048271 0.550836
14.500000 0.502707 0.052505 0.555213
14.600000 0.502940 0.058612 0.561552
14.700000 0.503264 0.063962 0.567226
14.800000 0.503687 0.066230 0.569917
14.900000 0.504163 0.064466 0.568629
15.000000 0.504546 0.059492 0.564038
15.100000 0.504888 0.053481 0.558370
15.200000 0.504973 0.048958 0.553930
15.300000 0.504853 0.047683 0.552537
15.400000 0.504460 0.049912 0.554371
15.500000 0.503862 0.054316 0.558178
15.600000 0.503055 0.058620 0.561675
15.700000 0.502135 0.060651 0.562787
15.800000 0.501161 0.059383 0.560544
15.900000 0.500173 0.055444 0.555617
16.000000 0.499327 0.050860 0.550188
16.100000 0.498601 0.048082 0.546684
16.200000 0.498013 0.048765 0.546778
16.300000 0.497596 0.052912 0.550508
16.400000 0.497367 0.058834 0.556200
16.500000 0.497413 0.063959 0.561373
16.600000 0.497613 0.066057 0.563669
16.700000 0.497957 0.064275 0.562232
16.800000 0.498255 0.059499 0.557754
16.900000 0.498524 0.053894 0.552418
17.000000 0.498661 0.049906 0.548567
17.100000 0.498621 0.049176 0.547796
17.200000 0.498370 0.051825 0.550196
17.300000 0.497939 0.056430 0.554369
17.400000 0.497451 0.060681 0.558132
17.500000 0.496942 0.062435 0.559377
17.600000 0.496473 0.060734 0.557207
17.700000 0.496117 0.056296 0.552413
17.800000 0.495864 0.051208 0.547072
17.900000 0.495817 0.047937 0.543754
18.000000 0.495902 0.048117 0.544019
18.100000 0.496155 0.051725 0.547880
18.200000 0.496626 0.057074 0.553700
18.300000 0.497128 0.061640 0.558768
18.400000 0.497749 0.063280 0.561029
18.500000 0.498439 0.061236 0.559674
18.600000 0.499064 0.056455 0.555519
18.700000 0.499542 0.051107 0.550649
18.800000 0.499788 0.047570 0.547358
18.900000 0.499821 0.047372 0.547193
19.000000 0.499611 0.050516 0.550127
19.100000 0.499116 0.055483 0.554599
19.200000 0.498504 0.059914 0.558418
19.300000 0.497807 0.061677 0.559484
19.400000 0.497123 0.059870 0.556993
19.500000 0.496500 0.055273 0.551773
19.600000 0.496124 0.050023 0.546148
19.700000 0.495918 0.046602 0.542520
19.800000 0.495879 0.046622 0.542501
19.900000 0.496011 0.050025 0.546036
20.000000 0.496323 0.055119 0.551442
