0.100000 0.508518 0.059918 0.568436
0.200000 0.507936 0.068141 0.576077
0.300000 0.507330 0.079621 0.586951
0.400000 0.506787 0.092609 0.599397
0.500000 0.506335 0.105124 0.611459
0.600000 0.506050 0.115275 0.621325
0.700000 0.505994 0.121591 0.627585
0.800000 0.506293 0.123227 0.629520
0.900000 0.506807 0.120076 0.626883
1.000000 0.507452 0.112741 0.620193
1.100000 0.508207 0.102407 0.610614
1.200000 0.508901 0.090640 0.599541
1.300000 0.509533 0.079143 0.588676
1.400000 0.510056 0.069516 0.579572
1.500000 0.510453 0.063033 0.573486
1.600000 0.510557 0.060472 0.571028
1.700000 0.510380 0.062014 0.572394
1.800000 0.509969 0.067238 0.577207
1.900000 0.509262 0.075164 0.584426
2.000000 0.508423 0.084384 0.592807
2.100000 0.507468 0.093289 0.600757
2.200000 0.506631 0.100311 0.606942
2.300000 0.505868 0.104175 0.610043
2.400000 0.505350 0.104113 0.609464
2.500000 0.505010 0.100002 0.605012
2.600000 0.504798 0.092425 0.597223
2.700000 0.504752 0.082612 0.587364
2.800000 0.504803 0.072255 0.577057
2.900000 0.504901 0.063238 0.568140
3.000000 0.505023 0.057308 0.562331
3.100000 0.505067 0.055754 0.560821
3.200000 0.505068 0.059163 0.564231
3.300000 0.505068 0.067301 0.572369
3.400000 0.505074 0.079143 0.584218
3.500000 0.505115 0.093044 0.598160
3.600000 0.505231 0.107021 0.612252
3.700000 0.505538 0.119084 0.624621
3.800000 0.505973 0.127550 0.633523
3.900000 0.506507 0.131296 0.637804
4.000000 0.507095 0.129901 0.636996
4.100000 0.507856 0.123676 0.631532
4.200000 0.508525 0.113573 0.622098
4.300000 0.509249 0.101028 0.610277
4.400000 0.509858 0.087725 0.597583
4.500000 0.510391 0.075366 0.585757
4.600000 0.510747 0.065425 0.576172
4.700000 0.510890 0.058967 0.569857
4.800000 0.510690 0.056514 0.567204
4.900000 0.510104 0.057986 0.568090
5.000000 0.509204 0.062725 0.571929
5.100000 0.508036 0.069607 0.577644
5.200000 0.506690 0.077216 0.583906
5.300000 0.505259 0.084065 0.589324
5.400000 0.503815 0.088830 0.592645
5.500000 0.502452 0.090576 0.593028
5.600000 0.501225 0.088926 0.590151
5.700000 0.500307 0.084139 0.584447
5.800000 0.499621 0.077111 0.576733
5.900000 0.499165 0.069236 0.568401
6.000000 0.498893 0.062185 0.561078
6.100000 0.498801 0.057612 0.556413
6.200000 0.498792 0.056845 0.555637
6.300000 0.498899 0.060623 0.559523
6.400000 0.499049 0.068946 0.567996
6.500000 0.499311 0.081041 0.580352
6.600000 0.499621 0.095480 0.595100
6.700000 0.500044 0.110421 0.610464
6.800000 0.500674 0.123905 0.624579
6.900000 0.501377 0.134166 0.635543
7.000000 0.502265 0.139896 0.642161
7.100000 0.503298 0.140421 0.643720
7.200000 0.504432 0.135779 0.640211
7.300000 0.505649 0.126675 0.632324
7.400000 0.506872 0.114349 0.621221
7.500000 0.508074 0.100378 0.608452
7.600000 0.509100 0.086446 0.595546
7.700000 0.509921 0.074111 0.584033
7.800000 0.510488 0.064601 0.575089
7.900000 0.510802 0.058672 0.569473
8.000000 0.510881 0.056532 0.567414
8.100000 0.510680 0.057848 0.568528
8.200000 0.510271 0.061809 0.572079
8.300000 0.509633 0.067263 0.576895
8.400000 0.508768 0.072901 0.581669
8.500000 0.507748 0.077462 0.585210
8.600000 0.506770 0.079943 0.586713
8.700000 0.505748 0.079779 0.585527
8.800000 0.504816 0.076950 0.581766
8.900000 0.503955 0.072010 0.575965
9.000000 0.503257 0.066013 0.569270
9.100000 0.502718 0.060344 0.563062
9.200000 0.502343 0.056478 0.558821
9.300000 0.502131 0.055708 0.557838
9.400000 0.502019 0.058890 0.560909
9.500000 0.502013 0.066261 0.568274
9.600000 0.502156 0.077359 0.579515
9.700000 0.502411 0.091070 0.593480
9.800000 0.502768 0.105803 0.608571
9.900000 0.503281 0.119740 0.623021
10.000000 0.503915 0.131124 0.635039
10.100000 0.504822 0.138532 0.643354
10.200000 0.505826 0.141080 0.646906
10.300000 0.506917 0.138534 0.645451
10.400000 0.507994 0.131312 0.639306
10.500000 0.509026 0.120395 0.629421
10.600000 0.509936 0.107167 0.617103
10.700000 0.510687 0.093212 0.603899
10.800000 0.511268 0.080094 0.591362
10.900000 0.511572 0.069156 0.580728
11.000000 0.511584 0.061350 0.572934
11.100000 0.511278 0.057128 0.568406
11.200000 0.510679 0.056411 0.567090
11.300000 0.509830 0.058626 0.568456
11.400000 0.508845 0.062813 0.571658
11.500000 0.507783 0.067782 0.575566
11.600000 0.506720 0.072301 0.579021
11.700000 0.505663 0.075311 0.580974
11.800000 0.504748 0.076108 0.580857
11.900000 0.503874 0.074486 0.578360
12.000000 0.503073 0.070782 0.573855
12.100000 0.502342 0.065833 0.568175
12.200000 0.501726 0.060849 0.562575
12.300000 0.501142 0.057205 0.558346
12.400000 0.500709 0.056196 0.556905
12.500000 0.500397 0.058789 0.559187
12.600000 0.500199 0.065408 0.565608
12.700000 0.500105 0.075827 0.575932
12.800000 0.500246 0.089172 0.589418
12.900000 0.500406 0.104044 0.604450
13.000000 0.500843 0.118726 0.619568
13.100000 0.501464 0.131439 0.632903
13.200000 0.502237 0.140626 0.642862
13.300000 0.503236 0.145192 0.648428
13.400000 0.504423 0.144650 0.649073
13.500000 0.505750 0.139156 0.644906
13.600000 0.507137 0.129454 0.636590
13.700000 0.508462 0.116755 0.625217
13.800000 0.509748 0.102544 0.612292
13.900000 0.510877 0.088381 0.599258
14.000000 0.511768 0.075692 0.587460
14.100000 0.512443 0.065603 0.578047
14.200000 0.512802 0.058808 0.571610
14.300000 0.512834 0.055499 0.568333
14.400000 0.512541 0.055371 0.567912
14.500000 0.511961 0.057689 0.569650
14.600000 0.511170 0.061419 0.572589
14.700000 0.510290 0.065406 0.575697
14.800000 0.509350 0.068577 0.577927
14.900000 0.508447 0.070114 0.578561
15.000000 0.507585 0.069610 0.577195
15.100000 0.506849 0.067145 0.573995
15.200000 0.506188 0.063297 0.569485
15.300000 0.505653 0.059057 0.564710
15.400000 0.505222 0.055659 0.560881
15.500000 0.504882 0.054362 0.559243
15.600000 0.504600 0.056203 0.560803
15.700000 0.504388 0.061787 0.566175
15.800000 0.504223 0.071130 0.575352
15.900000 0.504116 0.083624 0.587740
16.000000 0.504147 0.098101 0.602248
16.100000 0.504241 0.113003 0.617244
16.200000 0.504482 0.126628 0.631109
16.300000 0.504777 0.137381 0.642158
16.400000 0.505217 0.144021 0.649238
16.500000 0.505728 0.145821 0.651549
16.600000 0.506361 0.142663 0.649025
16.700000 0.507066 0.135027 0.642093
16.800000 0.507759 0.123900 0.631659
16.900000 0.508490 0.110626 0.619116
17.000000 0.509134 0.096709 0.605843
17.100000 0.509653 0.083604 0.593257
17.200000 0.509960 0.072546 0.582507
17.300000 0.510111 0.064390 0.574501
17.400000 0.509990 0.059532 0.569522
17.500000 0.509690 0.057888 0.567578
17.600000 0.509132 0.058937 0.568069
17.700000 0.508433 0.061827 0.570260
17.800000 0.507549 0.065516 0.573065
17.900000 0.506529 0.068950 0.575479
18.000000 0.505364 0.071236 0.576599
18.100000 0.504094 0.071803 0.575897
18.200000 0.502824 0.070519 0.573344
18.300000 0.501637 0.067730 0.569367
18.400000 0.500449 0.064211 0.564661
18.500000 0.499415 0.061048 0.560463
18.600000 0.498507 0.059441 0.557948
18.700000 0.497771 0.060473 0.558245
18.800000 0.497271 0.064892 0.562163
18.900000 0.497017 0.072930 0.569946
19.000000 0.497008 0.084230 0.581239
19.100000 0.497249 0.097863 0.595112
19.200000 0.497795 0.112445 0.610241
19.300000 0.498592 0.126360 0.624952
19.400000 0.499600 0.137993 0.637593
19.500000 0.500764 0.145985 0.646749
19.600000 0.502090 0.149414 0.651503
19.700000 0.503343 0.147928 0.651271
19.800000 0.504672 0.141769 0.646441
19.900000 0.505908 0.131723 0.637631
20.000000 0.507074 0.118994 0.626069
