0.100000 0.508490 0.059500 0.567990
0.200000 0.507819 0.067326 0.575145
0.300000 0.507058 0.078479 0.585537
0.400000 0.506282 0.091260 0.597542
0.500000 0.505523 0.103715 0.609238
0.600000 0.504828 0.113944 0.618772
0.700000 0.504339 0.120427 0.624765
0.800000 0.504066 0.122249 0.626314
0.900000 0.504012 0.119228 0.623240
1.000000 0.504067 0.111919 0.615987
1.100000 0.504239 0.101502 0.605741
1.200000 0.504468 0.089581 0.594049
1.300000 0.504733 0.077940 0.582674
1.400000 0.505002 0.068274 0.573276
1.500000 0.505276 0.061940 0.567216
1.600000 0.505402 0.059760 0.565162
1.700000 0.505399 0.061921 0.567320
1.800000 0.505234 0.067938 0.573173
1.900000 0.504949 0.076731 0.581680
2.000000 0.504596 0.086775 0.591371
2.100000 0.504182 0.096351 0.600533
2.200000 0.503826 0.103813 0.607638
2.300000 0.503585 0.107848 0.611433
2.400000 0.503456 0.107702 0.611158
2.500000 0.503482 0.103297 0.606780
2.600000 0.503577 0.095286 0.598863
2.700000 0.503745 0.084950 0.588694
2.800000 0.503982 0.074013 0.577995
2.900000 0.504185 0.064362 0.568547
3.000000 0.504348 0.057732 0.562079
3.100000 0.504480 0.055404 0.559884
3.200000 0.504498 0.057980 0.562478
3.300000 0.504521 0.065273 0.569795
3.400000 0.504499 0.076331 0.580829
3.500000 0.504446 0.089586 0.594032
3.600000 0.504417 0.103115 0.607532
3.700000 0.504451 0.114948 0.619399
3.800000 0.504545 0.123373 0.627918
3.900000 0.504659 0.127196 0.631855
4.000000 0.504743 0.125919 0.630662
4.100000 0.504898 0.119783 0.624682
4.200000 0.505038 0.109722 0.614761
4.300000 0.505245 0.097196 0.602441
4.400000 0.505407 0.083967 0.589374
4.500000 0.505595 0.071834 0.577429
4.600000 0.505688 0.062372 0.568059
4.700000 0.505651 0.056712 0.562363
4.800000 0.505413 0.055382 0.560795
4.900000 0.505000 0.058244 0.563244
5.000000 0.504339 0.064523 0.568861
5.100000 0.503522 0.072930 0.576453
5.200000 0.502600 0.081885 0.584485
5.300000 0.501584 0.089744 0.591328
5.400000 0.500595 0.095080 0.595675
5.500000 0.499694 0.096922 0.596616
5.600000 0.498894 0.094909 0.593802
5.700000 0.498294 0.089366 0.587660
5.800000 0.497849 0.081286 0.579135
5.900000 0.497533 0.072164 0.569697
6.000000 0.497372 0.063762 0.561134
6.100000 0.497286 0.057809 0.555095
6.200000 0.497291 0.055700 0.552991
6.300000 0.497362 0.058241 0.555603
6.400000 0.497438 0.065495 0.562933
6.500000 0.497547 0.076749 0.574296
6.600000 0.497688 0.090622 0.588310
6.700000 0.497884 0.105283 0.603167
6.800000 0.498215 0.118744 0.616959
6.900000 0.498539 0.129169 0.627708
7.000000 0.498961 0.135148 0.634109
7.100000 0.499446 0.135905 0.635351
7.200000 0.499973 0.131392 0.631365
7.300000 0.500538 0.122276 0.622814
7.400000 0.501139 0.109825 0.610965
7.500000 0.501736 0.095705 0.597441
7.600000 0.502298 0.081727 0.584026
7.700000 0.502839 0.069584 0.572423
7.800000 0.503240 0.060617 0.563857
7.900000 0.503515 0.055639 0.559154
8.000000 0.503707 0.054836 0.558543
8.100000 0.503743 0.057773 0.561515
8.200000 0.503638 0.063467 0.567105
8.300000 0.503448 0.070558 0.574006
8.400000 0.503066 0.077530 0.580596
8.500000 0.502622 0.082962 0.585585
8.600000 0.502170 0.085756 0.587927
8.700000 0.501627 0.085329 0.586956
8.800000 0.501057 0.081717 0.582775
8.900000 0.500500 0.075589 0.576089
9.000000 0.500001 0.068150 0.568152
9.100000 0.499544 0.060946 0.560490
9.200000 0.499131 0.055602 0.554733
9.300000 0.498782 0.053540 0.552322
9.400000 0.498493 0.055711 0.554205
9.500000 0.498270 0.062412 0.560682
9.600000 0.498193 0.073206 0.571399
9.700000 0.498170 0.086969 0.585139
9.800000 0.498272 0.102058 0.600330
9.900000 0.498596 0.116554 0.615150
10.000000 0.498961 0.128575 0.627536
10.100000 0.499429 0.136548 0.635977
10.200000 0.499955 0.139456 0.639411
10.300000 0.500459 0.136963 0.637422
10.400000 0.501054 0.129446 0.630500
10.500000 0.501585 0.117921 0.619506
10.600000 0.502064 0.103886 0.605950
10.700000 0.502534 0.089094 0.591628
10.800000 0.502911 0.075300 0.578211
10.900000 0.503086 0.064014 0.567100
11.000000 0.503184 0.056309 0.559492
11.100000 0.503153 0.052674 0.555828
11.200000 0.502938 0.052985 0.555923
11.300000 0.502566 0.056536 0.559102
11.400000 0.502061 0.062182 0.564242
11.500000 0.501468 0.068514 0.569982
11.600000 0.500828 0.074100 0.574928
11.700000 0.500159 0.077724 0.577883
11.800000 0.499553 0.078592 0.578145
11.900000 0.498962 0.076482 0.575444
12.000000 0.498503 0.071805 0.570308
12.100000 0.498124 0.065537 0.563661
12.200000 0.497855 0.059065 0.556920
12.300000 0.497641 0.053949 0.551590
12.400000 0.497458 0.051650 0.549108
12.500000 0.497379 0.053260 0.550640
12.600000 0.497298 0.059292 0.556590
12.700000 0.497280 0.069557 0.566837
12.800000 0.497338 0.083169 0.580507
12.900000 0.497319 0.098668 0.595987
13.000000 0.497417 0.114222 0.611639
13.100000 0.497581 0.127896 0.625477
13.200000 0.497920 0.137958 0.635878
13.300000 0.498432 0.143148 0.641580
13.400000 0.499022 0.142856 0.641878
13.500000 0.499689 0.137182 0.636871
13.600000 0.500384 0.126906 0.627290
13.700000 0.501005 0.113343 0.614348
13.800000 0.501583 0.098145 0.599728
13.900000 0.502124 0.083065 0.585189
14.000000 0.502519 0.069723 0.572242
14.100000 0.502838 0.059391 0.562229
14.200000 0.503018 0.052833 0.555851
14.300000 0.503064 0.050229 0.553292
14.400000 0.502982 0.051169 0.554150
14.500000 0.502777 0.054748 0.557525
14.600000 0.502434 0.059728 0.562162
14.700000 0.502069 0.064753 0.566822
14.800000 0.501681 0.068581 0.570262
14.900000 0.501278 0.070298 0.571576
15.000000 0.500814 0.069480 0.570294
15.100000 0.500389 0.066271 0.566660
15.200000 0.499909 0.061373 0.561282
15.300000 0.499457 0.055938 0.555396
15.400000 0.499031 0.051376 0.550407
15.500000 0.498612 0.049101 0.547712
15.600000 0.498209 0.050284 0.548493
15.700000 0.497886 0.055614 0.553501
15.800000 0.497595 0.065153 0.562747
15.900000 0.497317 0.078278 0.575594
16.000000 0.497130 0.093760 0.590890
16.100000 0.497021 0.109919 0.606941
16.200000 0.496943 0.124886 0.621829
16.300000 0.496880 0.136872 0.633752
16.400000 0.496842 0.144436 0.641278
16.500000 0.496891 0.146685 0.643576
16.600000 0.497061 0.143400 0.640460
16.700000 0.497327 0.135044 0.632371
16.800000 0.497656 0.122685 0.620341
16.900000 0.498033 0.107828 0.605861
17.000000 0.498457 0.092195 0.590652
17.100000 0.498966 0.077480 0.576446
17.200000 0.499433 0.065130 0.564562
17.300000 0.499826 0.056157 0.555983
17.400000 0.500106 0.051032 0.551138
17.500000 0.500255 0.049646 0.549900
17.600000 0.500199 0.051354 0.551553
17.700000 0.499982 0.055114 0.555096
17.800000 0.499555 0.059666 0.559220
17.900000 0.499004 0.063754 0.562758
18.000000 0.498313 0.066342 0.564655
18.100000 0.497476 0.066790 0.564267
18.200000 0.496563 0.064984 0.561547
18.300000 0.495801 0.061362 0.557163
18.400000 0.495036 0.056864 0.551900
18.500000 0.494281 0.052762 0.547043
18.600000 0.493725 0.050444 0.544169
18.700000 0.493150 0.051159 0.544310
18.800000 0.492634 0.055766 0.548401
18.900000 0.492269 0.064549 0.556819
19.000000 0.491974 0.077127 0.569102
19.100000 0.491821 0.092473 0.584294
19.200000 0.491851 0.109046 0.600897
19.300000 0.492025 0.125018 0.617043
19.400000 0.492377 0.138541 0.630918
19.500000 0.492867 0.148013 0.640880
19.600000 0.493530 0.152320 0.645850
19.700000 0.494237 0.150982 0.645219
19.800000 0.495055 0.144208 0.639263
19.900000 0.495879 0.132854 0.628733
20.000000 0.496634 0.118291 0.614925
