0.100000 0.508541 0.060009 0.568550
0.200000 0.508015 0.066030 0.574046
0.300000 0.507448 0.069648 0.577096
0.400000 0.506831 0.068235 0.575066
0.500000 0.506098 0.063381 0.569479
0.600000 0.505222 0.059369 0.564591
0.700000 0.504273 0.059383 0.563656
0.800000 0.503265 0.062817 0.566082
0.900000 0.502348 0.066029 0.568377
1.000000 0.501531 0.065805 0.567336
1.100000 0.500961 0.062429 0.563390
1.200000 0.500632 0.059485 0.560118
1.300000 0.500547 0.060465 0.561011
1.400000 0.500772 0.065312 0.566084
1.500000 0.501246 0.070261 0.571507
1.600000 0.501775 0.071177 0.572952
1.700000 0.502291 0.067245 0.569536
1.800000 0.502677 0.061625 0.564302
1.900000 0.502847 0.058598 0.561446
2.000000 0.502765 0.059860 0.562625
2.100000 0.502542 0.063219 0.565760
2.200000 0.502274 0.064776 0.567050
2.300000 0.502174 0.062621 0.564795
2.400000 0.502259 0.058695 0.560954
2.500000 0.502582 0.056995 0.559578
2.600000 0.503113 0.059718 0.562831
2.700000 0.503803 0.064975 0.568778
2.800000 0.504628 0.068351 0.572979
2.900000 0.505465 0.066853 0.572318
3.000000 0.506157 0.061535 0.567692
3.100000 0.506529 0.056489 0.563018
3.200000 0.506585 0.055238 0.561823
3.300000 0.506370 0.057775 0.564144
3.400000 0.505912 0.060818 0.566730
3.500000 0.505292 0.060972 0.566264
3.600000 0.504690 0.057977 0.562667
3.700000 0.504216 0.055018 0.559234
3.800000 0.503899 0.055692 0.559591
3.900000 0.503741 0.060431 0.564171
4.000000 0.503728 0.065833 0.569561
4.100000 0.503821 0.067612 0.571433
4.200000 0.503949 0.064386 0.568335
4.300000 0.504091 0.058817 0.562908
4.400000 0.504096 0.055195 0.559291
4.500000 0.503968 0.055731 0.559699
4.600000 0.503562 0.058829 0.562390
4.700000 0.503114 0.060795 0.563909
4.800000 0.502631 0.059397 0.562028
4.900000 0.502105 0.056062 0.558167
5.000000 0.501561 0.054581 0.556142
5.100000 0.501115 0.057434 0.558549
5.200000 0.500737 0.063207 0.563943
5.300000 0.500477 0.067632 0.568109
5.400000 0.500268 0.067331 0.567600
5.500000 0.500102 0.062756 0.562858
5.600000 0.499866 0.057675 0.557541
5.700000 0.499572 0.055838 0.555410
5.800000 0.499150 0.057832 0.556982
5.900000 0.498654 0.060831 0.559486
6.000000 0.498146 0.061409 0.559555
6.100000 0.497811 0.058843 0.556654
6.200000 0.497596 0.055879 0.553474
6.300000 0.497554 0.056124 0.553678
6.400000 0.497706 0.060456 0.558162
6.500000 0.497972 0.065916 0.563888
6.600000 0.498393 0.068206 0.566599
6.700000 0.498860 0.065474 0.564334
6.800000 0.499340 0.059879 0.559219
6.900000 0.499659 0.055626 0.555285
7.000000 0.499822 0.055331 0.555153
7.100000 0.499802 0.057960 0.557762
7.200000 0.499689 0.060035 0.559724
7.300000 0.499554 0.059010 0.558564
7.400000 0.499478 0.055743 0.555222
7.500000 0.499519 0.053724 0.553243
7.600000 0.499703 0.055682 0.555385
7.700000 0.500037 0.060778 0.560816
7.800000 0.500482 0.065119 0.565601
7.900000 0.500962 0.065166 0.566128
8.000000 0.501469 0.060856 0.562325
8.100000 0.501744 0.055580 0.557323
8.200000 0.501847 0.053187 0.555035
8.300000 0.501730 0.054722 0.556452
8.400000 0.501340 0.057752 0.559091
8.500000 0.500845 0.058786 0.559631
8.600000 0.500382 0.056610 0.556992
8.700000 0.499961 0.053490 0.553451
8.800000 0.499684 0.053023 0.552707
8.900000 0.499607 0.056602 0.556209
9.000000 0.499656 0.061856 0.561512
9.100000 0.499829 0.064645 0.564474
9.200000 0.500088 0.062736 0.562824
9.300000 0.500266 0.057737 0.558003
9.400000 0.500291 0.053612 0.553902
9.500000 0.500131 0.053206 0.553337
9.600000 0.499816 0.055904 0.555720
9.700000 0.499411 0.058409 0.557820
9.800000 0.498957 0.057905 0.556862
9.900000 0.498642 0.054765 0.553408
10.000000 0.498532 0.052255 0.550787
10.100000 0.498605 0.053408 0.552013
10.200000 0.498832 0.057987 0.556819
10.300000 0.499229 0.062471 0.561700
10.400000 0.499713 0.063159 0.562872
10.500000 0.500142 0.059438 0.559581
10.600000 0.500427 0.054265 0.554692
10.700000 0.500487 0.051509 0.551996
10.800000 0.500284 0.052642 0.552925
10.900000 0.499886 0.055653 0.555538
11.000000 0.499366 0.057084 0.556450
11.100000 0.498787 0.055346 0.554132
11.200000 0.498259 0.052280 0.550539
11.300000 0.497774 0.051439 0.549213
11.400000 0.497470 0.054613 0.552083
11.500000 0.497350 0.059901 0.557251
11.600000 0.497391 0.063256 0.560648
11.700000 0.497474 0.062056 0.559530
11.800000 0.497583 0.057379 0.554962
11.900000 0.497556 0.052972 0.550528
12.000000 0.497342 0.051968 0.549310
12.100000 0.496927 0.054283 0.551210
12.200000 0.496442 0.056947 0.553389
12.300000 0.495923 0.056989 0.552912
12.400000 0.495490 0.054290 0.549780
12.500000 0.495188 0.051737 0.546925
12.600000 0.495100 0.052454 0.547553
12.700000 0.495282 0.056663 0.551945
12.800000 0.495671 0.061248 0.556919
12.900000 0.496146 0.062462 0.558607
13.000000 0.496674 0.059259 0.555933
13.100000 0.497131 0.054148 0.551279
13.200000 0.497466 0.050950 0.548416
13.300000 0.497637 0.051502 0.549140
13.400000 0.497675 0.054230 0.551905
13.500000 0.497674 0.055764 0.553438
13.600000 0.497748 0.054147 0.551895
13.700000 0.497830 0.050725 0.548555
13.800000 0.498103 0.048902 0.547005
13.900000 0.498537 0.050844 0.549381
14.000000 0.499083 0.055270 0.554353
14.100000 0.499724 0.058466 0.558190
14.200000 0.500367 0.057620 0.557987
14.300000 0.500893 0.053320 0.554213
14.400000 0.501176 0.048979 0.550155
14.500000 0.501211 0.047816 0.549026
14.600000 0.500947 0.050105 0.551052
14.700000 0.500440 0.053106 0.553547
14.800000 0.499743 0.053665 0.553408
14.900000 0.499097 0.051178 0.550275
15.000000 0.498495 0.048185 0.546679
15.100000 0.498101 0.047966 0.546067
15.200000 0.497869 0.051345 0.549214
15.300000 0.497862 0.055760 0.553622
15.400000 0.498021 0.057532 0.555553
15.500000 0.498296 0.055194 0.553490
15.600000 0.498537 0.050771 0.549309
15.700000 0.498623 0.047927 0.546550
15.800000 0.498502 0.048736 0.547238
15.900000 0.498190 0.051935 0.550125
16.000000 0.497747 0.054179 0.551926
16.100000 0.497338 0.053151 0.550489
16.200000 0.496896 0.049753 0.546649
16.300000 0.496576 0.047300 0.543876
16.400000 0.496392 0.048393 0.544784
16.500000 0.496360 0.052386 0.548746
16.600000 0.496439 0.055896 0.552335
16.700000 0.496566 0.055902 0.552468
16.800000 0.496640 0.052475 0.549114
16.900000 0.496650 0.048657 0.545307
17.000000 0.496504 0.047701 0.544205
17.100000 0.496151 0.050198 0.546349
17.200000 0.495721 0.053612 0.549333
17.300000 0.495201 0.054624 0.549825
17.400000 0.494780 0.052192 0.546973
17.500000 0.494505 0.048561 0.543065
17.600000 0.494430 0.047191 0.541621
17.700000 0.494596 0.049490 0.544086
17.800000 0.494914 0.053434 0.548349
17.900000 0.495378 0.055429 0.550808
18.000000 0.495802 0.053629 0.549432
18.100000 0.496138 0.049601 0.545739
18.200000 0.496246 0.046862 0.543108
18.300000 0.496051 0.047714 0.543764
18.400000 0.495618 0.051210 0.546828
18.500000 0.495054 0.054043 0.549096
18.600000 0.494454 0.053545 0.547999
18.700000 0.493939 0.050163 0.544102
18.800000 0.493536 0.047080 0.540616
18.900000 0.493332 0.047256 0.540588
19.000000 0.493292 0.050634 0.543926
19.100000 0.493420 0.054166 0.547586
19.200000 0.493592 0.054662 0.548255
19.300000 0.493790 0.051728 0.545518
19.400000 0.493919 0.048077 0.541996
19.500000 0.493829 0.047035 0.540864
19.600000 0.493546 0.049539 0.543084
19.700000 0.493125 0.053298 0.546423
19.800000 0.492665 0.054853 0.547518
19.900000 0.492229 0.052713 0.544942
20.000000 0.491937 0.048761 0.540698
