0.100000 0.508537 0.060190 0.568726
0.200000 0.508018 0.068885 0.576903
0.300000 0.507526 0.081463 0.588990
0.400000 0.507176 0.096744 0.603920
0.500000 0.507026 0.113288 0.620313
0.600000 0.507175 0.129557 0.636732
0.700000 0.507729 0.144098 0.651828
0.800000 0.508813 0.155677 0.664490
0.900000 0.510285 0.163393 0.673678
1.000000 0.512045 0.166735 0.678781
1.100000 0.514149 0.165581 0.679730
1.200000 0.516416 0.160187 0.676603
1.300000 0.518738 0.151134 0.669872
1.400000 0.521088 0.139265 0.660354
1.500000 0.523376 0.125597 0.648973
1.600000 0.525401 0.111235 0.636636
1.700000 0.527156 0.097287 0.624443
1.800000 0.528418 0.084778 0.613196
1.900000 0.529248 0.074558 0.603806
2.000000 0.529649 0.067252 0.596902
2.100000 0.529679 0.063236 0.592915
2.200000 0.529405 0.062635 0.592040
2.300000 0.528882 0.065322 0.594204
2.400000 0.528099 0.070921 0.599020
2.500000 0.527073 0.078829 0.605902
2.600000 0.525815 0.088273 0.614087
2.700000 0.524322 0.098355 0.622677
2.800000 0.522593 0.108107 0.630700
2.900000 0.520672 0.116565 0.637237
3.000000 0.518673 0.122834 0.641507
3.100000 0.516656 0.126187 0.642843
3.200000 0.514762 0.126151 0.640913
3.300000 0.513060 0.122580 0.635640
3.400000 0.511710 0.115697 0.627408
3.500000 0.510563 0.106107 0.616670
3.600000 0.509702 0.094772 0.604475
3.700000 0.509098 0.082927 0.592025
3.800000 0.508701 0.071958 0.580659
3.900000 0.508362 0.063252 0.571614
4.000000 0.507972 0.058036 0.566008
4.100000 0.507616 0.057214 0.564830
4.200000 0.507244 0.061250 0.568494
4.300000 0.506931 0.070105 0.577036
4.400000 0.506675 0.083240 0.589914
4.500000 0.506638 0.099666 0.606304
4.600000 0.506803 0.118069 0.624872
4.700000 0.507230 0.136973 0.644203
4.800000 0.507884 0.154888 0.662772
4.900000 0.508807 0.170454 0.679261
5.000000 0.509992 0.182551 0.692543
5.100000 0.511405 0.190381 0.701786
5.200000 0.513048 0.193519 0.706567
5.300000 0.515017 0.191909 0.706925
5.400000 0.517031 0.185853 0.702884
5.500000 0.519216 0.175957 0.695173
5.600000 0.521396 0.163046 0.684443
5.700000 0.523693 0.148083 0.671777
5.800000 0.526008 0.132094 0.658102
5.900000 0.528226 0.116104 0.644330
6.000000 0.530261 0.101081 0.631342
6.100000 0.532107 0.087871 0.619978
6.200000 0.533466 0.077137 0.610603
6.300000 0.534402 0.069320 0.603722
6.400000 0.534824 0.064596 0.599420
6.500000 0.534684 0.062896 0.597580
6.600000 0.534174 0.063927 0.598101
6.700000 0.533293 0.067207 0.600500
6.800000 0.532198 0.072099 0.604297
6.900000 0.530755 0.077872 0.608627
7.000000 0.529181 0.083765 0.612946
7.100000 0.527443 0.089061 0.616503
7.200000 0.525559 0.093129 0.618688
7.300000 0.523546 0.095458 0.619004
7.400000 0.521558 0.095705 0.617263
7.500000 0.519731 0.093767 0.613497
7.600000 0.518068 0.089822 0.607889
7.700000 0.516690 0.084314 0.601004
7.800000 0.515617 0.077914 0.593531
7.900000 0.514748 0.071455 0.586203
8.000000 0.514231 0.065856 0.580087
8.100000 0.513991 0.062022 0.576014
8.200000 0.513949 0.060742 0.574691
8.300000 0.514050 0.062577 0.576626
8.400000 0.514229 0.067792 0.582021
8.500000 0.514541 0.076305 0.590846
8.600000 0.515038 0.087682 0.602720
8.700000 0.515555 0.101188 0.616742
8.800000 0.516284 0.115853 0.632137
8.900000 0.517223 0.130589 0.647812
9.000000 0.518440 0.144296 0.662736
9.100000 0.519785 0.155976 0.675761
9.200000 0.521398 0.164806 0.686204
9.300000 0.523112 0.170215 0.693327
9.400000 0.524933 0.171904 0.696837
9.500000 0.526856 0.169859 0.696715
9.600000 0.528809 0.164341 0.693150
9.700000 0.530739 0.155836 0.686575
9.800000 0.532695 0.145006 0.677701
9.900000 0.534516 0.132633 0.667149
10.000000 0.536226 0.119550 0.655776
10.100000 0.537833 0.106588 0.644421
10.200000 0.539298 0.094516 0.633814
10.300000 0.540539 0.084001 0.624540
10.400000 0.541410 0.075554 0.616964
10.500000 0.541954 0.069513 0.611467
10.600000 0.542064 0.066022 0.608086
10.700000 0.541781 0.065029 0.606810
10.800000 0.541173 0.066294 0.607468
10.900000 0.540174 0.069407 0.609581
11.000000 0.538965 0.073825 0.612790
11.100000 0.537491 0.078926 0.616417
11.200000 0.535885 0.084058 0.619943
11.300000 0.534075 0.088592 0.622667
11.400000 0.532238 0.091971 0.624209
11.500000 0.530435 0.093764 0.624199
11.600000 0.528719 0.093719 0.622437
11.700000 0.527092 0.091796 0.618888
11.800000 0.525645 0.088182 0.613827
11.900000 0.524323 0.083285 0.607608
12.000000 0.523198 0.077713 0.600911
12.100000 0.522245 0.072200 0.594446
12.200000 0.521472 0.067545 0.589016
12.300000 0.520846 0.064514 0.585360
12.400000 0.520402 0.063757 0.584159
12.500000 0.520185 0.065716 0.585901
12.600000 0.520125 0.070571 0.590696
12.700000 0.520320 0.078212 0.598532
12.800000 0.520678 0.088247 0.608925
12.900000 0.521186 0.100037 0.621223
13.000000 0.521857 0.112743 0.634600
13.100000 0.522750 0.125407 0.648157
13.200000 0.523912 0.137059 0.660970
13.300000 0.525312 0.146826 0.672138
13.400000 0.526995 0.154013 0.681008
13.500000 0.528865 0.158147 0.687011
13.600000 0.530930 0.159005 0.689934
13.700000 0.532996 0.156612 0.689608
13.800000 0.535174 0.151223 0.686397
13.900000 0.537265 0.143292 0.680557
14.000000 0.539230 0.133430 0.672660
14.100000 0.541004 0.122352 0.663357
14.200000 0.542540 0.110821 0.653360
14.300000 0.543748 0.099573 0.643321
14.400000 0.544659 0.089278 0.633937
14.500000 0.545293 0.080484 0.625776
14.600000 0.545561 0.073599 0.619161
14.700000 0.545606 0.068874 0.614479
14.800000 0.545350 0.066394 0.611744
14.900000 0.544893 0.066075 0.610968
15.000000 0.544222 0.067676 0.611898
15.100000 0.543351 0.070819 0.614169
15.200000 0.542282 0.075013 0.617295
15.300000 0.541067 0.079701 0.620768
15.400000 0.539790 0.084302 0.624092
15.500000 0.538404 0.088263 0.626667
15.600000 0.536970 0.091112 0.628082
15.700000 0.535476 0.092503 0.627979
15.800000 0.533901 0.092251 0.626151
15.900000 0.532273 0.090353 0.622627
16.000000 0.530715 0.087003 0.617718
16.100000 0.529233 0.082576 0.611809
16.200000 0.527802 0.077609 0.605411
16.300000 0.526530 0.072753 0.599283
16.400000 0.525405 0.068705 0.594109
16.500000 0.524543 0.066131 0.590674
16.600000 0.523906 0.065593 0.589498
16.700000 0.523481 0.067472 0.590952
16.800000 0.523307 0.071919 0.595226
16.900000 0.523383 0.078826 0.602209
17.000000 0.523644 0.087828 0.611472
17.100000 0.524146 0.098337 0.622483
17.200000 0.524822 0.109605 0.634426
17.300000 0.525647 0.120799 0.646446
17.400000 0.526601 0.131080 0.657681
17.500000 0.527671 0.139685 0.667356
17.600000 0.528827 0.145995 0.674822
17.700000 0.530170 0.149577 0.679747
17.800000 0.531566 0.150230 0.681796
17.900000 0.532978 0.147983 0.680961
18.000000 0.534387 0.143079 0.677466
18.100000 0.535798 0.135942 0.671740
18.200000 0.537166 0.127141 0.664307
18.300000 0.538449 0.117322 0.655771
18.400000 0.539555 0.107170 0.646725
18.500000 0.540492 0.097356 0.637848
18.600000 0.541241 0.088484 0.629726
18.700000 0.541699 0.081064 0.622763
18.800000 0.542009 0.075470 0.617479
18.900000 0.541998 0.071938 0.613935
19.000000 0.541683 0.070530 0.612213
19.100000 0.541171 0.071147 0.612318
19.200000 0.540402 0.073536 0.613939
19.300000 0.539372 0.077320 0.616693
19.400000 0.538143 0.082016 0.620159
19.500000 0.536717 0.087074 0.623791
19.600000 0.535109 0.091923 0.627032
19.700000 0.533475 0.096029 0.629504
19.800000 0.531811 0.098930 0.630740
19.900000 0.530036 0.100292 0.630328
20.000000 0.528263 0.099938 0.628201
