0.100000 0.508518 0.059869 0.568387
0.200000 0.507931 0.067464 0.575395
0.300000 0.507307 0.076598 0.583904
0.400000 0.506711 0.084369 0.591080
0.500000 0.506145 0.088349 0.594494
0.600000 0.505626 0.087391 0.593018
0.700000 0.505218 0.082000 0.587217
0.800000 0.505006 0.074095 0.579101
0.900000 0.504784 0.066331 0.571115
1.000000 0.504557 0.061192 0.565749
1.100000 0.504273 0.060177 0.564451
1.200000 0.503926 0.063338 0.567264
1.300000 0.503462 0.069290 0.572752
1.400000 0.503038 0.075703 0.578742
1.500000 0.502614 0.080112 0.582725
1.600000 0.502173 0.080772 0.582946
1.700000 0.501831 0.077324 0.579155
1.800000 0.501497 0.070952 0.572449
1.900000 0.501278 0.064003 0.565282
2.000000 0.501203 0.059150 0.560353
2.100000 0.501271 0.058401 0.559672
2.200000 0.501447 0.062342 0.563789
2.300000 0.501904 0.069873 0.571777
2.400000 0.502501 0.078587 0.581087
2.500000 0.503315 0.085602 0.588917
2.600000 0.504252 0.088587 0.592839
2.700000 0.505264 0.086543 0.591807
2.800000 0.506211 0.080109 0.586320
2.900000 0.507029 0.071298 0.578326
3.000000 0.507655 0.062793 0.570447
3.100000 0.507973 0.057049 0.565021
3.200000 0.508004 0.055512 0.563516
3.300000 0.507698 0.058183 0.565881
3.400000 0.507230 0.063654 0.570885
3.500000 0.506583 0.069624 0.576207
3.600000 0.505795 0.073693 0.579488
3.700000 0.505034 0.074222 0.579256
3.800000 0.504396 0.070937 0.575333
3.900000 0.503799 0.065071 0.568871
4.000000 0.503296 0.058956 0.562252
4.100000 0.502935 0.055178 0.558113
4.200000 0.502707 0.055608 0.558316
4.300000 0.502583 0.060668 0.563250
4.400000 0.502599 0.069119 0.571718
4.500000 0.502656 0.078471 0.581128
4.600000 0.502947 0.085854 0.588801
4.700000 0.503302 0.089003 0.592305
4.800000 0.503569 0.087017 0.590586
4.900000 0.503742 0.080605 0.584347
5.000000 0.503727 0.071807 0.575534
5.100000 0.503538 0.063275 0.566813
5.200000 0.503154 0.057415 0.560569
5.300000 0.502582 0.055619 0.558200
5.400000 0.501876 0.057869 0.559744
5.500000 0.501099 0.062800 0.563899
5.600000 0.500283 0.068199 0.568482
5.700000 0.499556 0.071794 0.571350
5.800000 0.498935 0.072080 0.571015
5.900000 0.498443 0.068892 0.567335
6.000000 0.498122 0.063502 0.561624
6.100000 0.498009 0.058181 0.556190
6.200000 0.497927 0.055385 0.553311
6.300000 0.497950 0.056800 0.554750
6.400000 0.498003 0.062670 0.560674
6.500000 0.498171 0.071634 0.569805
6.600000 0.498433 0.081164 0.579597
6.700000 0.498813 0.088425 0.587238
6.800000 0.499291 0.091248 0.590540
6.900000 0.499831 0.088831 0.588663
7.000000 0.500430 0.081960 0.582390
7.100000 0.501000 0.072703 0.573703
7.200000 0.501515 0.063696 0.565211
7.300000 0.501922 0.057296 0.559218
7.400000 0.502172 0.054860 0.557032
7.500000 0.502274 0.056367 0.558642
7.600000 0.502196 0.060498 0.562694
7.700000 0.502002 0.065136 0.567138
7.800000 0.501761 0.068130 0.569891
7.900000 0.501480 0.068091 0.569571
8.000000 0.501252 0.064909 0.566161
8.100000 0.501045 0.059838 0.560883
8.200000 0.500887 0.055060 0.555947
8.300000 0.500893 0.052874 0.553767
8.400000 0.500863 0.054805 0.555668
8.500000 0.500920 0.060978 0.561898
8.600000 0.501041 0.069981 0.571022
8.700000 0.501166 0.079332 0.580498
8.800000 0.501384 0.086302 0.587685
8.900000 0.501660 0.088845 0.590505
9.000000 0.501979 0.086271 0.588250
9.100000 0.502249 0.079424 0.581673
9.200000 0.502430 0.070370 0.572800
9.300000 0.502558 0.061688 0.564246
9.400000 0.502513 0.055644 0.558157
9.500000 0.502296 0.053499 0.555795
9.600000 0.501959 0.055158 0.557117
9.700000 0.501474 0.059277 0.560751
9.800000 0.500902 0.063770 0.564673
9.900000 0.500391 0.066570 0.566962
10.000000 0.499930 0.066385 0.566315
10.100000 0.499600 0.063198 0.562798
10.200000 0.499437 0.058312 0.557750
10.300000 0.499394 0.053902 0.553296
10.400000 0.499392 0.052197 0.551589
10.500000 0.499443 0.054615 0.554058
10.600000 0.499513 0.061166 0.560679
10.700000 0.499663 0.070364 0.570027
10.800000 0.499812 0.079703 0.579515
10.900000 0.500059 0.086501 0.586559
11.000000 0.500329 0.088794 0.589123
11.100000 0.500500 0.085976 0.586476
11.200000 0.500613 0.078956 0.579568
11.300000 0.500593 0.069809 0.570402
11.400000 0.500519 0.061085 0.561603
11.500000 0.500357 0.054989 0.555346
11.600000 0.500045 0.052720 0.552766
11.700000 0.499573 0.054153 0.553726
11.800000 0.498989 0.057952 0.556941
11.900000 0.498344 0.062093 0.560436
12.000000 0.497724 0.064616 0.562340
12.100000 0.497160 0.064347 0.561507
12.200000 0.496673 0.061350 0.558024
12.300000 0.496324 0.056935 0.553258
12.400000 0.496057 0.053192 0.549249
12.500000 0.495990 0.052212 0.548202
12.600000 0.496062 0.055242 0.551304
12.700000 0.496309 0.062158 0.558467
12.800000 0.496733 0.071417 0.568151
12.900000 0.497214 0.080547 0.577761
13.000000 0.497704 0.086956 0.584660
13.100000 0.498184 0.088787 0.586971
13.200000 0.498705 0.085517 0.584222
13.300000 0.499269 0.078108 0.577377
13.400000 0.499804 0.068647 0.568452
13.500000 0.500306 0.059645 0.559951
13.600000 0.500787 0.053242 0.554029
13.700000 0.501067 0.050575 0.551642
13.800000 0.501265 0.051490 0.552755
13.900000 0.501301 0.054681 0.555982
14.000000 0.501229 0.058208 0.559437
14.100000 0.501072 0.060225 0.561297
14.200000 0.500835 0.059665 0.560500
14.300000 0.500531 0.056670 0.557201
14.400000 0.500171 0.052566 0.552738
14.500000 0.499766 0.049391 0.549158
14.600000 0.499326 0.049118 0.548444
14.700000 0.498937 0.052855 0.551792
14.800000 0.498548 0.060347 0.558896
14.900000 0.498267 0.069974 0.568241
15.000000 0.498075 0.079239 0.577314
15.100000 0.498077 0.085601 0.583678
15.200000 0.498141 0.087316 0.585456
15.300000 0.498375 0.083978 0.582353
15.400000 0.498687 0.076624 0.575310
15.500000 0.499041 0.067345 0.566386
15.600000 0.499380 0.058607 0.557987
15.700000 0.499617 0.052478 0.552095
15.800000 0.499821 0.050021 0.549842
15.900000 0.499826 0.051036 0.550862
16.000000 0.499785 0.054220 0.554005
16.100000 0.499589 0.057673 0.557262
16.200000 0.499230 0.059615 0.558845
16.300000 0.498779 0.059043 0.557822
16.400000 0.498276 0.056135 0.554411
16.500000 0.497842 0.052212 0.550054
16.600000 0.497466 0.049258 0.546723
16.700000 0.497112 0.049165 0.546277
16.800000 0.496854 0.052961 0.549815
16.900000 0.496706 0.060335 0.557041
17.000000 0.496653 0.069655 0.566308
17.100000 0.496707 0.078476 0.575183
17.200000 0.496869 0.084354 0.581222
17.300000 0.497176 0.085650 0.582826
17.400000 0.497549 0.082052 0.579601
17.500000 0.497956 0.074647 0.572603
17.600000 0.498366 0.065531 0.563897
17.700000 0.498747 0.057135 0.555882
17.800000 0.498907 0.051455 0.550361
17.900000 0.498897 0.049471 0.548368
18.000000 0.498641 0.050908 0.549549
18.100000 0.498126 0.054409 0.552535
18.200000 0.497516 0.058060 0.555576
18.300000 0.496761 0.060096 0.556857
18.400000 0.495951 0.059562 0.555514
18.500000 0.495249 0.056687 0.551936
18.600000 0.494644 0.052821 0.547465
18.700000 0.494220 0.049951 0.544171
18.800000 0.494002 0.049927 0.543930
18.900000 0.493960 0.053720 0.547679
19.000000 0.494173 0.060961 0.555135
19.100000 0.494540 0.069993 0.564533
19.200000 0.495049 0.078392 0.573441
19.300000 0.495640 0.083779 0.579419
19.400000 0.496288 0.084609 0.580897
19.500000 0.496912 0.080672 0.577585
19.600000 0.497452 0.073129 0.570581
19.700000 0.497862 0.064113 0.561975
19.800000 0.498052 0.056030 0.554082
19.900000 0.497964 0.050802 0.548766
20.000000 0.497652 0.049308 0.546960
