27.825004 52.385897 0.134623 0.023541 
147.971083 11.262644 0.030933 0.163064 
32.148407 34.092141 0.204119 -0.038844 
164.992256 41.186221 -0.331528 0.072464 
81.950991 18.782580 0.009291 -0.182020 
111.082180 54.654641 -0.112944 -0.291687 
156.716008 31.213084 0.254789 -0.321663 
114.113351 14.159140 0.090089 0.112087 
34.043133 49.666076 0.049171 0.089848 
149.725894 53.894073 -0.398141 -0.313036 
145.766227 47.968737 -0.164919 0.007343 
77.510717 24.038077 0.000145 0.055372 
19.939600 18.821517 -0.097357 -0.041774 
92.807692 20.972794 -0.288662 0.304838 
111.069845 30.249395 0.008901 0.097833 
126.201558 30.605524 0.210592 0.327657 
80.213341 43.456183 0.228680 -0.066269 
128.320855 15.786841 -0.171614 -0.460632 
163.626255 53.473638 0.012371 -0.151447 
147.598892 31.897245 -0.020355 0.078467 
78.400770 36.579863 -0.352893 -0.182838 
122.537677 20.996314 0.101788 0.160172 
36.234781 18.930230 -0.073334 -0.065948 
152.814797 19.777200 0.348234 -0.164908 
143.605955 13.581472 -0.185351 -0.142379 
76.211353 48.294165 0.240043 0.317525 
140.253347 42.892867 0.161147 0.380037 
96.979654 50.625410 -0.136700 0.280763 
128.794340 54.552410 0.418347 0.161523 
84.589501 34.619065 0.054741 -0.410044 
42.934098 49.434625 0.324902 0.157508 
158.358269 45.205473 0.276806 -0.215325 
35.785648 26.745811 0.462642 0.085442 
3.430855 38.953928 0.041957 0.136530 
56.770961 12.534588 -0.314425 0.440239 
133.592680 36.113380 -0.065517 -0.251138 
45.514920 45.304656 0.194661 0.091354 
51.269198 45.791049 -0.478451 -0.253497 
90.629639 36.102493 0.068477 0.523378 
160.904116 42.796624 -0.259183 0.156535 
96.422035 29.745301 -0.213565 0.171717 
146.849037 37.313042 0.295475 -0.050980 
90.104183 52.763353 -0.092747 0.462804 
120.955264 35.651842 0.063106 0.202665 
156.288348 35.379743 0.102664 0.138182 
12.799624 16.611809 0.081146 0.139532 
154.093800 20.885326 -0.250752 0.140368 
117.872947 17.365495 0.001196 0.155508 
35.632302 15.345779 -0.321264 0.512441 
48.133061 25.660247 -0.105383 -0.120312 
147.163386 48.239061 -0.065679 0.124881 
1.609347 40.871087 0.358049 -0.727664 
110.145200 32.989260 0.206548 0.035060 
126.683252 36.656536 0.714083 -0.089035 
125.030745 14.556324 0.045881 0.338214 
100.486627 32.363172 -0.037654 -0.086775 
155.806159 15.502190 0.025171 -0.051933 
109.036409 29.345436 0.091020 0.236208 
94.400753 29.562942 0.029024 -0.215972 
111.705243 53.298525 0.000847 0.002825 
0.716221 52.207794 -0.024639 -0.636618 
17.759989 19.076952 0.180679 -0.203157 
26.150261 53.341027 0.057069 0.059869 
31.355532 20.951400 0.285255 0.129829 
96.991382 35.311695 -0.077146 0.106051 
90.760704 30.150686 0.357290 0.265213 
4.420214 27.783716 -0.297121 0.316011 
140.800346 17.245689 0.093572 0.023195 
136.360126 12.287130 0.086207 -0.315923 
10.987101 11.263231 -0.117789 -0.114132 
74.405284 46.543720 0.356597 0.318755 
11.781000 16.769099 0.146748 0.003157 
147.153551 42.115168 -0.080504 0.069155 
51.483821 29.718326 0.137126 -0.296662 
95.494105 34.808792 0.250885 0.246633 
149.971772 47.418218 -0.160409 -0.364068 
113.471339 43.262170 -0.243436 0.048454 
31.370649 30.408261 0.243349 -0.194257 
119.852557 38.877703 -0.201890 -0.288740 
24.709982 32.479422 -0.427058 -0.059533 
128.079208 52.537113 -0.119593 -0.170608 
69.768266 11.379729 -0.136696 0.418981 
29.583782 16.387981 0.317539 0.413455 
33.755809 27.808503 -0.169553 0.233376 
50.045077 38.697557 0.156661 0.339424 
135.653495 49.032469 0.006649 0.286808 
50.371438 22.514265 -0.131092 0.069392 
163.801302 23.277245 0.195923 0.241990 
112.231952 49.342099 -0.220851 -0.141967 
53.346476 15.405595 -0.115467 -0.059352 
113.451505 11.095829 -0.055938 -0.036222 
143.196241 45.170790 -0.226854 -0.238566 
72.928710 22.029564 -0.263485 -0.339460 
6.131245 12.865909 -0.034754 0.123679 
115.613954 49.265319 0.140205 -0.029292 
94.826962 39.258704 0.025282 0.204929 
29.475048 38.944776 0.234896 -0.205560 
121.239095 37.451854 -0.006149 0.162981 
30.170900 19.835100 -0.091852 -0.057476 
78.840747 42.607011 0.271936 0.184713 
17.924722 31.667574 -0.263848 0.266815 
68.948245 41.513387 -0.452620 -0.570855 
98.731170 25.953472 0.294106 0.173910 
57.629594 26.569229 0.043040 0.470758 
123.105901 19.479179 -0.470065 0.133799 
42.324019 38.818210 0.254914 -0.222269 
154.519948 15.990063 0.020613 -0.362221 
99.519157 17.741047 0.182197 -0.103997 
78.532926 44.339772 -0.270766 0.047654 
84.318011 52.393205 0.094069 0.654155 
87.412825 13.677841 0.152861 0.048256 
63.798595 25.053069 -0.389556 0.297489 
25.245616 41.624617 -0.293526 0.047460 
31.403730 11.844688 0.134577 0.356209 
126.615108 26.790314 -0.269585 0.292552 
96.182908 26.197081 -0.303869 0.007624 
55.218603 40.730449 -0.360332 -0.167961 
104.423187 26.831743 -0.191206 0.099664 
50.741324 28.098917 0.020318 -0.336932 
23.863079 43.742684 -0.319813 -0.456705 
153.671100 44.627443 -0.138839 -0.092402 
20.667109 13.568231 -0.043675 0.235215 
22.485048 11.103242 0.037557 0.346913 
161.394162 53.123570 -0.168701 -0.040028 
84.400018 15.944991 0.485190 0.196565 
37.441779 26.670558 0.235137 0.220970 
45.760978 52.018568 0.222638 0.083626 
105.232452 25.493434 -0.561024 0.385628 
61.126206 28.668496 0.143497 0.413424 
85.922622 35.939855 -0.078130 0.164289 
129.894152 43.700841 -0.171491 0.022188 
110.756952 18.118940 -0.033377 -0.234744 
123.693276 38.256462 -0.258503 -0.028896 
111.445783 13.816548 -0.104163 0.058499 
135.344306 17.698245 -0.211215 -0.003323 
16.888690 42.714519 -0.030651 0.038961 
85.305244 28.428254 -0.098443 0.381615 
106.351125 24.700421 0.041788 0.539921 
126.215857 42.745161 -0.140530 0.100422 
5.258473 26.275527 -0.034250 0.245871 
95.693303 17.723455 -0.344639 -0.157774 
16.067069 51.736423 -0.288842 -0.198866 
81.376887 46.316386 0.158170 -0.106420 
110.864764 47.364732 -0.234796 -0.313811 
115.274112 38.211475 0.146842 0.193056 
165.377923 46.247158 0.093981 0.174634 
73.720351 31.401456 -0.148142 -0.192393 
43.275782 22.370220 0.345534 0.621763 
70.647790 16.362094 -0.269682 -0.168623 
14.306807 16.172968 0.377593 0.142446 
52.887799 53.583107 0.529644 -0.238887 
99.517524 35.773713 0.119134 -0.339611 
65.419789 27.975243 0.109670 -0.065349 
58.995172 25.108395 0.292806 -0.203864 
9.398170 16.613654 -0.329956 -0.052278 
107.012563 49.571261 -0.041900 0.048608 
156.560228 32.758663 -0.193136 0.334496 
127.364161 40.642536 -0.111467 0.186548 
11.922715 53.184146 -0.246605 -0.108438 
2.702237 30.926755 0.053210 -0.033044 
125.417614 37.748843 0.170037 -0.099716 
56.008041 34.729381 0.252865 0.319995 
51.912109 42.731998 -0.007548 -0.057736 
17.901264 14.426610 0.232554 -0.280536 
139.342041 31.511999 -0.144452 0.026292 
39.394360 55.073124 -0.093550 -0.246593 
15.615366 13.513568 -0.122043 0.131546 
106.222628 37.550141 0.024059 0.140086 
116.350599 46.903603 -0.224106 -0.483639 
48.976598 27.364304 -0.354191 0.143767 
20.553377 35.188583 -0.223295 -0.226176 
14.392728 47.162224 0.150428 -0.119386 
100.854269 19.163820 0.447006 -0.417921 
141.994921 43.908670 -0.114447 0.233509 
111.316341 34.903649 -0.049281 -0.482288 
116.824165 48.042033 -0.307001 -0.250077 
105.077761 51.526690 -0.265732 -0.174109 
63.600544 34.915506 -0.178382 0.323480 
1.489614 11.807221 -0.538676 0.179504 
68.480438 14.885715 -0.010593 -0.100545 
108.131866 38.356398 -0.106050 0.126575 
14.444800 50.781314 -0.175143 0.282203 
143.409022 31.404791 0.336377 -0.131327 
12.181968 18.213618 -0.119393 0.416753 
65.842124 11.664065 -0.792086 0.072406 
143.098954 15.279210 -0.410241 0.337476 
112.337875 23.190407 -0.136192 -0.061936 
31.342678 28.496018 0.347211 0.129860 
3.863540 23.755461 0.307476 0.341407 
93.546438 52.822478 -0.329542 0.013280 
149.208277 31.140670 -0.295444 -0.161200 
152.323879 39.927958 0.277028 -0.201653 
122.979748 42.911830 0.595907 -0.136083 
112.087330 16.433855 0.105715 -0.158155 
46.316195 39.745080 0.198308 -0.020321 
11.968365 43.185738 0.171957 0.228674 
106.319213 19.195993 -0.021389 0.295015 
9.093426 38.482594 -0.127626 -0.205297 
46.769411 17.934686 0.031683 0.279194 
69.733936 30.802211 -0.227216 0.090112 
26.462224 17.009873 0.143897 -0.291260 
84.398312 20.586704 0.037681 -0.088342 
52.119965 37.886334 -0.050982 0.333137 
112.763254 27.737181 -0.072947 0.083468 
47.673358 23.545766 -0.060018 -0.005616 
52.189443 19.523983 0.400409 -0.094186 
66.463010 20.721991 0.137883 -0.340157 
32.356623 54.960494 0.186947 -0.406704 
38.351950 32.544830 0.043335 -0.114819 
142.027337 41.443067 0.156832 0.219056 
54.958791 14.401357 0.042033 -0.032340 
128.880921 47.064653 0.097464 0.108255 
35.352481 19.961288 -0.114794 0.120590 
54.297993 17.700853 -0.060732 0.335021 
69.985374 38.238942 0.111173 0.358388 
40.902040 48.211984 -0.101076 -0.222456 
21.650650 29.446572 -0.420644 0.095357 
141.612902 15.137964 0.026641 0.163361 
143.214813 26.914374 0.359787 -0.112454 
69.094873 45.234302 -0.132276 -0.125702 
140.673440 52.585126 0.263844 -0.543895 
86.464708 37.904039 0.059239 0.109377 
80.057097 21.176449 0.184739 -0.197048 
29.535401 30.261224 0.054369 0.275036 
58.828192 48.629445 -0.169881 0.058673 
47.621261 16.506760 -0.027859 -0.089806 
64.673598 12.880625 0.045326 0.012401 
154.801581 24.583856 -0.003761 0.263380 
58.035228 38.456801 0.306930 -0.211220 
157.174085 11.894473 0.223623 0.224585 
91.188484 26.053202 0.409865 -0.335393 
116.384455 27.011644 0.198370 0.047263 
82.126321 20.298667 0.069104 0.219316 
29.077834 42.562525 0.144948 -0.321987 
85.229127 47.128348 0.119670 0.287519 
163.556100 45.460626 -0.124435 0.029017 
8.376572 54.146481 -0.164302 0.140615 
31.812719 43.441652 0.112929 0.090627 
149.946727 29.376280 0.142794 0.069649 
111.026306 20.445514 0.150130 -0.282568 
69.182518 12.517959 -0.241766 0.684496 
89.642777 10.730422 -0.211945 -0.061032 
129.333063 52.639617 -0.223410 -0.174083 
129.917173 55.043662 -0.058007 0.115641 
10.746014 44.103192 0.166369 -0.256046 
2.282059 51.654211 0.099242 0.222670 
142.227495 34.869351 0.290094 -0.127280 
160.255607 26.584429 0.019980 -0.111749 
98.523806 33.329431 -0.188256 0.236299 
62.946272 18.403793 -0.100895 -0.103913 
88.523899 53.979048 -0.154661 0.197016 
107.061706 30.438438 0.227847 0.015698 
105.113251 46.252239 0.315343 0.026826 
148.859499 17.719457 -0.082696 -0.127730 
48.822788 29.667660 -0.405137 -0.110566 
96.644809 22.358321 -0.053853 -0.005797 
54.247597 38.714498 0.114845 -0.023861 
36.300565 45.583865 -0.088415 -0.322163 
166.554968 18.173921 0.084645 -0.042855 
36.153209 40.434530 -0.059713 -0.665688 
43.620970 23.812924 0.042373 0.339802 
141.727916 54.446874 0.051091 0.230713 
17.504899 53.526619 -0.330128 -0.350897 
114.547209 41.778926 -0.208654 0.160925 
25.675353 20.490053 0.588976 0.128999 
110.193840 11.935343 -0.136616 -0.143575 
134.840532 35.891404 -0.150213 0.022686 
7.636537 15.765759 -0.088007 0.007887 
49.900978 34.012324 -0.324099 0.311187 
158.912507 36.150380 -0.059347 0.097076 
37.925442 40.931685 -0.072836 -0.570378 
93.806468 23.248564 0.247358 0.088602 
155.370065 11.249169 0.276078 0.424004 
13.424668 39.600547 0.207548 -0.088351 
156.344101 13.726155 0.058370 0.078420 
116.151754 16.420752 -0.210062 -0.134766 
81.139113 52.989504 0.376653 0.215175 
117.256735 41.129272 0.632935 0.228327 
92.494984 52.133609 -0.119169 -0.015860 
94.026929 21.293001 0.478264 -0.002387 
116.709261 17.728515 -0.068438 0.134417 
65.505875 29.943672 -0.438074 0.063909 
98.444887 54.521493 -0.173048 -0.279007 
143.669636 40.271381 0.255119 -0.028110 
88.743643 52.283393 -0.201794 0.064042 
151.574987 26.426899 -0.201989 -0.026898 
135.070485 46.888889 -0.027132 -0.097478 
97.466871 25.105114 0.077308 0.022292 
115.004129 25.692570 -0.583445 0.600780 
110.100446 35.977290 -0.007981 -0.105699 
83.291899 26.916321 -0.153589 -0.216614 
76.670355 33.122559 0.047990 -0.056964 
114.082425 54.954460 -0.278190 0.155363 
90.477558 27.726839 -0.221235 -0.569011 
106.813855 35.886547 0.107069 -0.032362 
53.727955 21.968445 0.335094 0.187742 
112.410613 19.391238 -0.090655 -0.146949 
80.224149 14.867755 0.124774 0.062645 
95.290187 50.954302 0.366720 -0.098326 
23.581600 16.205561 0.194304 -0.221266 
160.888364 37.862344 0.086446 0.069122 
121.287065 42.895879 -0.361629 0.272049 
145.672075 39.974829 0.405628 -0.012962 
48.189239 33.484365 -0.182479 0.367814 
66.334500 23.766256 -0.337366 0.089221 
41.416112 44.350391 -0.373308 -0.103569 
49.950421 23.831339 0.229077 -0.120201 
33.727172 16.390270 0.199157 -0.036166 
120.472108 14.538727 -0.032068 -0.207458 
56.105982 31.534317 0.332563 -0.404865 
50.990635 35.914282 -0.157848 0.263476 
96.449606 32.878950 0.318484 0.295485 
106.631936 16.761705 0.122669 -0.150312 
103.162274 16.265874 -0.336735 -0.068167 
85.099058 12.536568 0.074004 0.186592 
48.079079 14.780691 0.076061 -0.034441 
137.143469 42.308397 0.055775 0.309444 
34.256784 23.526050 -0.154259 0.368769 
123.651768 44.390778 0.310771 -0.372415 
119.666858 22.345172 0.185069 0.250250 
3.075913 43.284583 -0.183959 -0.292323 
45.253248 38.604704 -0.100152 0.165127 
5.252168 42.530888 0.428223 -0.291510 
153.997602 55.177853 -0.103906 0.347701 
25.768156 47.834552 0.073559 -0.016974 
89.634712 49.240834 0.141916 0.103451 
57.365550 14.337810 -0.099431 0.202000 
5.760525 53.735756 0.362187 -0.205791 
79.252907 25.789976 -0.005094 0.358690 
164.076429 15.546568 0.011498 -0.345426 
140.959622 37.058999 -0.147731 0.214981 
119.450482 27.073242 0.184027 -0.188168 
54.648483 47.924063 -0.148714 0.143490 
56.576833 25.815850 0.180989 0.021261 
68.247964 37.519534 -0.050951 0.067740 
120.750157 45.309166 0.241994 -0.379679 
81.939954 49.901608 0.643511 0.604959 
160.170625 23.374490 0.100745 -0.168373 
152.166504 53.382115 0.365736 -0.286676 
0.945695 38.977560 -0.309412 -0.127035 
108.008278 24.212021 0.249193 -0.141314 
124.675441 22.665359 0.097839 0.053479 
101.753394 33.994182 -0.351107 0.027629 
11.541481 13.880406 -0.022029 0.124264 
108.464511 48.116843 -0.089636 -0.086840 
136.709780 30.711489 -0.464576 -0.247272 
39.255640 30.150299 -0.152055 0.095358 
161.295150 15.929636 -0.337698 -0.079654 
86.117255 30.569416 -0.083374 -0.031925 
23.410591 24.900596 0.124930 0.330520 
85.597423 45.284162 -0.395082 -0.013551 
164.268231 47.629611 0.138547 -0.330606 
93.384778 17.990476 0.084482 -0.571276 
153.955027 49.353903 0.069386 0.054503 
16.823927 38.884696 0.340714 -0.095999 
144.793944 33.595613 0.327242 -0.082597 
26.819053 34.737620 -0.142692 0.099169 
15.400036 17.681364 -0.448802 0.150724 
131.831276 41.964654 0.105861 0.619573 
1.914563 47.097548 -0.054214 0.143583 
147.903319 50.393721 0.005102 0.027607 
137.377577 11.242196 -0.088652 0.197036 
52.241150 44.497797 -0.005474 0.184291 
91.278283 22.632998 -0.232140 0.054652 
129.724945 45.583458 -0.249252 0.421968 
49.847021 43.940805 -0.313972 0.051774 
104.330358 13.278842 -0.251911 -0.042504 
63.194342 40.499932 -0.088839 0.057533 
119.676345 36.541006 0.045395 0.484969 
72.902110 53.781712 0.371595 -0.232355 
128.975512 30.401664 0.114319 0.094584 
42.765746 28.619292 0.218340 -0.203595 
4.058676 54.505684 -0.116963 0.155119 
37.919276 36.863340 0.346327 0.233044 
118.458013 38.541922 0.296760 0.211804 
138.022033 53.627409 0.217897 0.145212 
1.181136 27.997367 0.476539 -0.162529 
127.516856 25.802305 0.075495 -0.058952 
10.323786 15.765674 -0.344461 0.063320 
111.408301 36.990398 -0.199484 0.132041 
119.784227 51.652068 -0.061740 -0.226052 
3.167026 41.347185 0.248469 -0.014083 
136.103259 19.383547 -0.148721 -0.154133 
163.755700 36.032743 -0.277996 0.116699 
164.135599 25.385075 -0.112444 -0.132905 
138.950460 49.635798 0.218567 -0.155829 
91.128431 43.509005 0.150538 -0.415495 
87.293177 36.855199 -0.018626 0.122761 
74.744963 11.666746 -0.164844 -0.065151 
144.222729 48.882445 -0.456607 -0.201056 
159.254904 38.719465 0.001123 -0.135822 
92.213642 45.644687 0.515306 -0.013289 
150.889912 31.120075 0.271373 -0.017602 
103.697762 34.555884 -0.048768 -0.213666 
88.783287 12.272287 0.001814 -0.148504 
87.871212 18.376489 -0.053376 -0.235314 
148.281848 23.108111 -0.161148 -0.083995 
15.884826 37.384691 0.088348 -0.025982 
121.302693 27.518553 0.412746 -0.129995 
109.244896 13.544614 0.011561 0.066043 
117.573879 54.747123 0.118490 0.267147 
66.532592 13.958507 0.167898 0.086930 
84.635057 18.972248 -0.018994 -0.202502 
147.239411 29.125010 0.319821 -0.162456 
76.613113 26.757367 -0.303993 0.112192 
107.194284 10.929248 0.085018 0.090129 
18.814709 25.537113 0.150339 -0.162068 
53.805546 43.912489 -0.454082 -0.293303 
115.749451 33.026288 -0.284620 -0.192479 
136.629513 37.172783 -0.149792 0.133311 
165.869931 29.396273 -0.029777 -0.146871 
95.659215 42.994094 -0.005246 0.323298 
3.768117 11.864461 -0.530050 0.240452 
61.367980 11.601582 0.476924 0.059363 
74.380894 43.182470 -0.094183 -0.403588 
129.553917 17.985884 -0.069789 -0.337566 
11.818591 34.146667 -0.009070 -0.209819 
90.493785 12.562360 0.345147 0.087433 
104.093686 36.906944 -0.130802 0.020207 
79.676371 23.732926 -0.038694 0.312790 
60.694712 51.876741 -0.057735 -0.301931 
21.915243 34.197576 -0.156166 0.131325 
138.887556 43.678917 -0.396454 0.112572 
28.015147 13.506211 0.043763 0.102103 
144.328658 43.226049 0.023712 -0.042688 
92.000037 47.646569 -0.009820 -0.048052 
55.290132 11.065029 -0.180752 0.042625 
59.559892 20.727246 0.523162 -0.192791 
140.046686 34.774954 0.065116 -0.238963 
140.855865 48.562763 -0.149683 0.055046 
96.734287 43.781143 -0.128384 -0.107232 
116.560242 51.403118 0.498283 -0.134212 
146.989501 39.188259 -0.433312 -0.413170 
97.892518 14.922045 0.015039 0.224473 
126.722828 11.264513 -0.279531 0.241295 
28.815012 25.602241 0.204979 0.122338 
96.287321 19.436339 0.389451 0.271983 
93.616306 14.934198 -0.012036 0.153523 
16.897321 23.936008 -0.345606 0.511073 
99.699540 37.607852 -0.147651 0.199939 
79.845049 30.734437 -0.106565 -0.066494 
98.889651 46.497990 -0.307418 0.259932 
159.546918 51.104550 -0.490000 0.291011 
165.216060 20.086131 -0.253773 0.199938 
25.095551 15.733135 0.379240 0.579428 
21.236240 32.366189 -0.097026 -0.183185 
45.786265 47.575126 0.320717 -0.355561 
115.576569 21.454895 0.157592 0.426343 
2.968936 16.233666 -0.222358 0.101315 
55.277190 50.905220 -0.457478 0.105754 
82.336677 36.122800 -0.167141 -0.237750 
123.372483 23.873168 0.217685 -0.084665 
100.829855 21.582763 0.237028 0.302993 
72.951301 41.006748 -0.473094 0.150111 
61.132028 35.864884 -0.105157 0.216007 
28.865390 14.897143 -0.191696 -0.068783 
153.753026 53.520497 0.107803 -0.087575 
139.030606 39.507798 -0.358467 -0.055292 
35.995585 44.069534 -0.038961 -0.116860 
106.867782 41.793300 0.000170 0.118570 
136.378224 14.169738 0.238276 -0.281726 
0.371624 46.734094 -0.034315 -0.360005 
15.705041 27.115699 0.045337 0.253522 
44.237465 34.213186 0.090248 0.339985 
31.470641 25.283975 0.236488 -0.029267 
17.468503 21.470356 0.035939 0.274011 
39.145789 52.398697 0.438551 0.126403 
150.419067 52.424420 0.017223 -0.114400 
163.835793 50.406995 0.158274 0.218424 
117.186043 23.878707 0.069984 0.177171 
91.650304 12.797429 -0.084511 0.355297 
39.603319 31.032660 0.154350 0.309082 
132.615483 31.328727 0.034919 -0.481299 
88.790548 25.881349 0.444750 -0.354100 
81.719989 14.326525 0.076420 0.136603 
45.663210 23.312537 0.038141 0.078425 
24.932070 19.003071 0.264130 0.027876 
55.162104 42.446515 0.336862 -0.087736 
98.575092 22.742917 0.078079 0.030792 
87.670895 23.043026 0.188319 -0.500153 
139.901036 53.723375 0.079875 0.247122 
32.385140 39.554993 0.016665 -0.161885 
17.651536 42.118919 -0.286146 0.235009 
149.832433 42.786276 0.077998 0.010204 
74.766036 14.549587 -0.108242 0.155839 
51.187607 53.309709 0.129692 -0.363773 
114.300347 28.298492 0.200490 0.231028 
32.809714 53.862079 -0.007217 0.133814 
118.036302 15.637026 0.080447 -0.065498 
83.700842 14.647053 0.228197 -0.097879 
145.564904 31.877282 -0.072688 -0.207638 
14.993226 34.403888 -0.247443 -0.475568 
138.590381 22.952160 -0.359063 -0.120863 
136.322862 23.042647 -0.028888 -0.080520 
131.731879 39.975307 -0.009580 0.504323 
60.065046 23.732317 0.437609 0.243246 
131.684346 51.877217 -0.222158 0.063894 
128.611454 22.589449 0.275464 0.214529 
80.734257 49.716952 -0.259756 -0.031953 
4.505645 51.744207 -0.058142 -0.269543 
142.806383 22.481265 0.172782 0.232186 
164.943867 24.320121 -0.091311 0.030141 
63.337548 29.106701 0.025998 -0.051427 
99.200576 52.582147 -0.047970 -0.256969 
145.063898 51.512345 -0.112231 -0.164028 
25.895723 37.681977 0.197774 -0.438241 
89.231880 39.703761 0.092701 0.108217 
75.109404 51.664228 -0.026649 0.109840 
118.194888 26.113256 0.096349 0.423546 
0.780747 43.661691 -0.616410 -0.290355 
56.647361 16.142853 -0.070923 0.232472 
150.991438 20.964088 0.060190 0.547835 
62.064132 31.362500 -0.263674 -0.148546 
89.358880 45.959136 0.060693 0.085158 
76.975122 36.054898 -0.108793 0.279798 
114.813166 30.243890 0.001154 0.073144 
53.000908 11.281895 -0.428725 -0.184310 
125.402932 20.455485 0.125052 0.365358 
162.882663 47.732673 -0.185495 -0.325664 
23.614421 33.824467 -0.276543 -0.237249 
70.260069 54.816662 -0.019597 0.181000 
23.206393 38.575081 -0.049303 -0.152797 
112.341472 15.058080 0.166760 -0.104115 
102.275149 31.391101 -0.013307 0.059027 
40.490682 36.547031 -0.235908 0.420009 
62.247316 15.539198 0.027243 -0.081042 
70.561921 44.874604 -0.078275 0.143486 
81.829804 13.093658 -0.011879 -0.115394 
110.022239 37.642587 0.383457 0.112186 
109.883262 26.252703 -0.001159 0.362754 
137.226184 17.128110 -0.227252 -0.333693 
145.072113 14.778265 -0.114261 -0.011884 
15.931802 48.095290 -0.166948 0.088126 
55.512594 46.079593 -0.403691 0.237473 
4.788162 18.558191 -0.411513 0.391795 
63.939105 23.608448 0.128997 -0.084304 
12.093105 48.213674 0.095804 0.114743 
149.499468 21.749643 0.261890 0.175819 
49.706208 32.701918 0.248891 0.037266 
95.003109 41.223111 -0.320540 -0.252292 
118.894821 46.629561 0.353972 -0.212448 
4.394239 17.332479 0.001824 0.004533 
102.563631 18.331269 -0.204267 0.317777 
63.486833 41.544127 -0.158969 -0.364667 
24.032415 46.181778 -0.113127 0.118530 
122.098833 31.801739 0.122646 -0.015814 
7.982704 18.329417 -0.142221 -0.090435 
161.801314 25.156186 -0.067501 -0.076380 
149.296586 48.750926 0.389399 0.053150 
13.112663 31.616729 0.035631 -0.061280 
144.114221 23.850816 0.120935 0.037051 
133.322178 14.569124 -0.310806 0.387953 
112.249450 55.891913 -0.039804 -0.263577 
70.036538 22.205917 -0.019259 -0.218866 
23.216088 28.203384 0.066717 0.296103 
150.423107 12.413787 -0.337265 0.171432 
84.304677 24.841258 -0.175034 0.069920 
46.128441 33.615082 0.024708 0.186501 
35.460065 23.801405 -0.139119 0.347178 
3.060954 33.558517 -0.241974 0.276455 
150.053947 16.641260 -0.240532 -0.001716 
77.193092 46.408025 0.068383 0.557838 
34.837773 34.935011 -0.211537 0.170242 
66.402840 18.660590 -0.237335 0.091869 
70.580082 14.088684 0.087373 -0.091669 
100.796181 22.790241 -0.276198 0.126973 
152.640678 32.009077 -0.026477 -0.002753 
40.827066 41.769354 -0.079768 -0.812351 
148.132390 20.943772 0.170987 0.343856 
74.405617 13.391945 -0.441259 0.067279 
122.694687 35.513673 0.412859 0.570674 
42.439623 11.901486 -0.249681 -0.273068 
122.323144 11.690691 0.320385 0.398134 
12.683898 46.421515 0.016346 -0.175719 
21.380103 51.318509 -0.260066 -0.242117 
131.489565 23.061364 0.076794 0.273154 
145.718018 43.143537 0.157500 -0.281337 
60.872876 21.995137 0.114702 0.082137 
162.599939 54.678881 -0.046941 0.451762 
155.482913 55.412551 0.442341 0.299801 
58.807093 40.284855 -0.307898 -0.127624 
17.538367 25.819833 -0.227575 0.015356 
42.938227 40.585215 -0.095134 -0.423186 
65.254302 33.318952 -0.322077 -0.209554 
41.843516 51.205558 0.021482 -0.139093 
85.228950 38.950313 0.366281 0.075001 
112.790483 31.278684 0.179776 -0.076060 
44.871137 40.538832 0.137212 -0.561542 
99.908751 48.970423 -0.340313 0.554075 
87.571889 24.529219 -0.213525 0.510331 
49.899874 11.081618 0.065345 0.019613 
81.830018 27.822812 0.050915 0.280853 
45.534883 42.507118 -0.174980 -0.318086 
46.638984 46.058871 0.465050 0.244456 
166.489335 11.776690 0.230814 0.470630 
23.759217 47.884653 -0.135620 -0.395220 
164.378182 19.045989 -0.062290 0.007929 
129.757790 23.265832 -0.365770 0.478134 
56.356262 47.391828 -0.368957 0.002732 
47.664147 35.614799 0.256091 -0.431942 
87.206423 45.721298 0.033900 -0.218369 
107.742382 40.495223 0.177288 -0.147420 
84.901894 32.739675 0.138833 0.137258 
33.364811 19.759705 -0.410965 -0.145769 
51.018949 50.948836 -0.351833 -0.061551 
12.997963 20.180495 0.242573 0.239675 
90.584229 14.376818 0.450024 0.071571 
112.030710 12.219143 0.023635 -0.013617 
84.490839 50.860886 -0.233502 -0.057849 
6.001547 22.560405 0.053228 0.210331 
99.155264 39.310980 -0.132936 0.195870 
157.114203 43.568789 0.706898 -0.443015 
40.779085 46.404543 0.149504 -0.091130 
56.880230 37.138417 0.148911 -0.337363 
157.489021 27.255836 0.105598 -0.248176 
77.067580 27.845421 0.043975 0.093249 
156.258417 23.259215 0.066456 0.044463 
62.122626 24.002918 -0.271163 0.051383 
125.075065 39.532438 -0.314819 -0.243453 
28.209548 38.283692 -0.180992 0.035857 
138.188236 12.930151 0.114981 -0.301120 
120.173617 48.235695 0.303677 -0.295920 
84.048703 40.228122 0.623207 0.080142 
127.856463 18.342465 0.198514 0.210892 
18.096545 37.321343 -0.060646 0.532880 
35.354506 32.434246 0.055426 0.174126 
23.939127 35.285309 -0.200091 0.027653 
126.941450 37.497113 -0.214713 0.283669 
159.560782 52.374335 -0.077337 0.166962 
152.223257 28.245397 -0.438425 -0.320931 
97.403882 38.795279 -0.158892 0.103812 
124.899688 50.273691 -0.122747 0.018378 
7.715992 37.073410 -0.130335 -0.080446 
94.252579 12.443809 0.089186 -0.296386 
14.490209 44.817098 0.486168 -0.165911 
133.948735 50.580292 0.237168 0.182181 
143.075684 51.602630 -0.207774 -0.648402 
78.539288 54.142104 0.272356 -0.028011 
148.580950 38.873398 0.200749 -0.200633 
42.749068 30.272407 0.094264 0.045173 
85.629835 23.930788 0.057623 -0.327669 
43.425966 26.690528 0.160690 0.126448 
158.047116 30.137405 -0.349006 0.130686 
120.207884 17.462137 -0.049571 0.055896 
70.128068 27.520458 -0.259574 -0.165165 
142.308731 17.844584 -0.351337 -0.252386 
19.259622 43.129931 0.130435 -0.373883 
101.338300 16.606453 -0.567819 0.522362 
56.185083 18.958030 0.081528 -0.045899 
29.940400 54.987707 -0.173903 -0.176728 
111.083157 28.729075 -0.063477 0.234747 
65.049100 16.408212 -0.091946 -0.249719 
105.951766 12.545679 -0.002959 -0.250896 
47.357707 52.028487 0.260645 -0.047208 
155.821323 21.392271 0.465887 -0.081148 
160.564781 40.349609 -0.061040 -0.234274 
141.592552 39.366861 -0.076030 -0.072501 
134.877486 30.688721 -0.258029 -1.134149 
117.281354 11.766180 -0.006235 -0.506985 
132.893016 37.861817 0.067623 0.121071 
114.896995 11.939350 -0.162566 0.181231 
10.748675 46.046904 -0.088667 0.153281 
7.363329 41.359983 -0.717286 -0.285255 
131.644928 44.759395 -0.131384 0.217377 
60.098353 43.151285 -0.271060 -0.410397 
41.172426 52.549184 -0.015999 -0.078557 
57.579775 20.048952 -0.143368 0.295129 
29.877707 13.596321 0.262890 0.107033 
152.090009 24.192686 -0.177004 0.330631 
15.684910 31.573891 0.272611 -0.392764 
59.900912 26.668577 0.394914 -0.387288 
85.488369 49.342255 0.035658 0.099999 
106.929824 32.401373 -0.130644 0.118842 
9.305925 31.974781 0.071747 0.111064 
125.052429 35.167518 -0.332829 0.357287 
41.256443 14.922216 -0.046366 -0.276515 
0.504709 23.228137 -0.042717 0.842972 
58.319644 13.245242 0.303250 -0.088411 
66.064004 31.481068 -0.111640 -0.156398 
103.347842 24.255893 -0.367770 0.255600 
6.371682 19.060761 -0.235935 0.229438 
94.126952 25.164612 0.087203 0.382685 
108.105449 50.741312 0.114959 0.138060 
109.416526 52.918273 -0.269453 -0.259455 
157.476359 53.049459 0.141485 -0.088912 
157.681444 34.560742 0.156710 0.221409 
12.002377 41.719490 0.120964 -0.076717 
58.137097 35.130662 0.309122 0.036919 
162.121064 13.058079 -0.079084 0.302316 
161.691901 11.611805 -0.149809 -0.056974 
63.252085 21.852188 -0.069931 0.050571 
80.076631 12.852508 -0.070074 0.312191 
90.405727 24.220790 -0.198260 0.250033 
114.033622 52.678951 0.282754 0.369110 
81.031358 34.799587 -0.247087 -0.011234 
7.549587 32.468247 0.433818 -0.011663 
163.575328 21.261721 0.122109 -0.292098 
103.696971 22.542644 0.123601 0.042122 
164.650278 17.209629 0.417487 0.264131 
69.352762 34.596060 -0.276195 0.027390 
123.585229 33.726109 0.169395 0.216430 
21.092178 19.574606 0.099313 0.435694 
21.619367 48.013948 -0.203134 -0.153387 
103.905935 21.037995 -0.018740 0.147433 
101.239764 39.919135 0.199497 -0.076859 
102.294122 22.054525 -0.404966 0.102917 
67.786777 18.047386 -0.252399 -0.348216 
28.268866 45.544773 0.160785 0.150820 
122.824322 50.823460 -0.245678 -0.134598 
99.551705 20.157733 0.137907 -0.015440 
154.329189 51.539759 0.330847 -0.608288 
120.140087 25.255092 0.170906 -0.147518 
157.006246 47.986213 -0.516096 -0.091150 
121.103723 24.124746 0.228280 0.213245 
143.267032 38.794705 -0.082645 0.119739 
10.104766 36.504790 0.048039 -0.206328 
128.401824 37.600908 -0.415557 -0.062310 
130.309522 37.149191 -0.397582 0.102054 
67.247720 40.860776 -0.174544 0.099171 
105.201072 53.091605 -0.093128 0.067973 
42.739074 54.220726 0.051443 0.031148 
136.965718 40.476453 -0.116499 -0.350008 
66.376451 42.372953 0.022638 -0.010870 
63.775427 30.866667 0.014263 -0.421337 
115.977479 41.676700 -0.023383 -0.221953 
95.694518 52.835055 0.127195 0.010521 
77.233578 38.000327 0.387997 -0.278394 
126.055770 16.458801 0.173557 0.185745 
36.699103 29.897988 -0.026172 0.111738 
100.193188 26.074089 -0.295737 0.312916 
148.706195 27.713272 -0.080934 -0.028596 
64.497100 21.990379 0.104011 0.259830 
33.970517 42.233833 -0.325569 -0.262125 
17.050925 49.514702 0.044590 -0.215182 
33.342845 39.235016 -0.000863 0.068883 
166.519559 50.396915 -0.414083 -0.199320 
98.598468 48.890124 0.033217 -0.107327 
65.816625 47.833088 0.103400 0.012156 
73.301324 35.328053 0.115307 0.026935 
147.825055 35.949780 0.298828 -0.397808 
132.503760 46.277575 -0.237544 -0.460598 
87.575005 30.576666 0.175206 0.093951 
113.453917 24.083451 0.417818 0.156068 
3.393250 49.116768 -0.248124 0.202041 
74.805903 27.269903 -0.095568 0.132960 
133.409945 21.035340 -0.110556 -0.206133 
38.062160 50.708847 0.119238 -0.134801 
102.430957 47.099155 0.193814 -0.043778 
97.695926 18.923093 0.022271 -0.244216 
8.925520 11.273247 0.267690 -0.148567 
140.623500 23.157359 0.136614 -0.178820 
163.639520 12.294527 -0.626819 -0.397500 
35.681514 54.625781 -0.424470 -0.019051 
36.220933 41.921317 -0.063395 -0.147970 
145.602287 26.285678 0.281827 -0.199096 
125.993514 45.456370 -0.196555 -0.228745 
60.663862 49.872455 0.108665 0.184992 
85.962215 43.520640 0.288939 -0.133818 
51.804102 12.681005 0.117440 0.061734 
13.573692 27.185638 0.064963 -0.175231 
34.029066 14.081987 0.206930 -0.043582 
113.526042 35.019352 -0.088704 -0.012861 
145.286959 37.744130 0.143653 0.296702 
35.512882 28.248109 -0.144527 0.036637 
141.335563 29.445256 -0.117820 0.052232 
14.017388 21.058687 -0.198839 0.274408 
137.982704 45.388170 -0.128344 0.092633 
101.937150 14.905624 0.040379 0.242196 
50.371161 41.260964 -0.211808 -0.002475 
166.580737 20.050574 -0.194867 0.215942 
22.032474 15.733031 0.219344 -0.204470 
139.182076 16.911324 0.232701 -0.132545 
100.740897 24.769228 0.006489 0.183021 
25.979913 35.964819 0.081459 0.245265 
127.654213 53.951155 0.229160 0.202162 
8.295863 28.742713 0.182919 0.332183 
80.224867 11.179015 -0.122939 0.065941 
33.487602 30.518340 -0.218357 -0.088045 
108.398742 22.644316 -0.046780 0.060636 
40.398628 18.726015 0.127659 -0.474396 
149.382174 45.031154 -0.244979 0.380377 
21.758558 26.983858 -0.297093 0.337337 
44.776289 31.167855 -0.169563 -0.035017 
145.885609 44.748714 -0.069208 -0.370091 
103.108820 41.764250 0.054529 0.140882 
138.014093 19.191527 0.426348 -0.040431 
27.334404 47.425284 0.298747 -0.032434 
52.526750 47.473148 -0.240711 0.279229 
73.294219 16.161466 -0.604551 0.143372 
81.487987 33.298579 0.193701 0.411856 
113.721856 15.166488 0.182718 0.110824 
107.332334 47.070703 -0.175870 -0.176121 
57.238626 40.209095 -0.108276 -0.205358 
141.005517 31.035021 0.006456 -0.068098 
150.752963 35.261926 0.115615 0.193295 
113.038395 21.249230 -0.213020 0.428219 
72.349934 52.169456 0.245219 0.039949 
2.250965 35.866226 -0.233614 -0.016363 
128.176639 43.945036 -0.318392 -0.030103 
97.997393 41.275925 0.156545 0.095224 
80.805565 19.694969 0.189890 0.157116 
94.825423 14.500970 -0.056815 0.565939 
14.818548 28.720558 -0.161637 0.603677 
34.255855 22.027481 -0.066150 0.135164 
152.229208 55.581647 0.563483 0.214176 
55.546158 29.687298 0.164006 0.194980 
78.650018 18.494930 -0.209415 -0.127182 
48.613985 40.062786 0.551607 -0.135727 
12.644587 54.980201 0.136492 -0.304157 
121.219964 39.612313 0.318147 0.186552 
29.021016 17.563770 0.074771 0.023742 
160.903225 50.709704 -0.021935 0.382412 
43.789604 42.177539 -0.160791 0.271353 
29.789496 34.468638 0.056666 -0.011559 
18.474311 29.007713 -0.230679 0.482757 
63.653184 27.539499 0.401602 -0.315566 
106.677029 27.226246 -0.197361 0.122019 
100.591851 14.847341 -0.414045 -0.216572 
75.860851 22.031291 0.097080 -0.049579 
86.249624 41.683671 -0.174206 0.355267 
66.554986 16.208486 0.512897 0.103377 
75.954563 53.684357 0.552498 -0.146268 
51.491766 14.271146 -0.237450 -0.438057 
40.614153 12.676903 0.191998 -0.032721 
121.859805 47.390049 0.334721 0.017711 
134.855973 40.470415 0.067641 0.642289 
76.379927 13.415414 -0.074317 0.015549 
147.438574 18.379166 -0.038490 0.035003 
7.965973 45.091101 -0.037533 -0.028383 
36.745854 22.555529 0.354812 -0.012509 
61.455797 25.061006 -0.307924 0.354056 
48.682045 17.315260 0.003991 0.089829 
39.425424 42.428656 -0.040447 0.073080 
74.858444 30.208817 -0.174287 -0.197291 
104.357194 47.461558 -0.035646 -0.106647 
159.042173 25.298520 0.118165 -0.282243 
77.275948 44.587161 0.506607 -0.023357 
8.127268 35.559480 0.396981 -0.041620 
98.767347 13.991155 0.406446 0.361803 
39.737702 51.586177 -0.121144 -0.028129 
99.175387 44.003474 0.019431 -0.122294 
22.828947 50.902615 -0.093280 -0.424990 
140.770487 14.158820 -0.087211 -0.369853 
39.661300 16.787675 -0.203073 -0.080700 
127.175167 19.846023 -0.166509 -0.046059 
130.507298 19.669849 0.114686 -0.103673 
129.887935 51.349614 0.230443 -0.151470 
14.291057 52.854226 0.234720 -0.453125 
144.081026 36.583372 0.256785 0.465960 
92.614369 29.753733 0.170358 -0.184648 
141.275415 19.423774 -0.036957 -0.068736 
130.330339 38.870509 0.046353 0.134476 
73.844714 32.878746 0.334631 -0.260210 
60.627773 33.595905 -0.064405 0.042858 
68.207609 16.582645 0.265216 -0.223801 
93.544625 38.378767 -0.322713 -0.023133 
132.500731 53.169546 0.025472 0.048871 
19.205366 16.743945 0.044531 -0.339772 
11.029092 40.616575 -0.148273 -0.000198 
158.797782 21.450498 0.093277 -0.200757 
78.060527 14.219866 0.034562 0.301744 
72.798699 47.870602 0.049144 0.250728 
65.791107 35.793502 -0.129773 0.307282 
125.594476 28.558390 -0.439638 -0.338617 
80.673098 22.352249 0.160941 -0.000068 
108.294678 36.872326 0.021847 0.032823 
64.284599 47.096051 0.075748 -0.017131 
4.802433 33.940033 -0.637243 0.296420 
108.261836 32.032875 -0.015707 -0.031099 
81.060498 31.284583 0.068119 -0.037618 
90.782425 50.914896 0.479010 0.449571 
145.744237 20.863500 0.083786 -0.033344 
45.044258 16.577961 0.226272 0.092746 
148.196382 33.506919 -0.042747 0.021720 
145.482824 55.152259 -0.420110 -0.163819 
112.753434 46.942275 0.009325 -0.265119 
123.942639 30.580290 0.032956 0.022573 
133.961240 33.151137 0.569730 0.081737 
4.856310 37.532050 -0.274838 -0.534144 
97.085572 28.368907 -0.139271 -0.058258 
151.525488 12.483519 0.089411 0.707797 
27.550943 25.052879 0.168545 0.371018 
27.629350 29.871700 -0.204100 0.184212 
100.225883 53.581479 0.047441 -0.160793 
28.786196 11.905481 -0.017679 -0.292498 
127.441507 36.068709 -0.362085 -0.365777 
139.653356 41.345820 -0.061966 -0.013492 
84.109549 49.149158 -0.371172 0.263430 
28.170439 26.892884 -0.066669 0.045338 
68.758491 20.602418 -0.361185 -0.430395 
78.877697 39.373398 0.098032 -0.190049 
71.882294 23.525752 0.165847 0.059774 
146.757728 56.049870 -0.102198 0.093497 
79.945901 17.729699 0.110915 0.176461 
9.147482 55.658795 -0.444207 -0.124250 
81.464809 25.158393 -0.013950 0.203417 
33.006609 35.769095 0.147817 -0.033612 
141.843247 24.226554 0.020848 -0.230765 
130.694836 26.148833 -0.133084 0.076413 
12.499150 35.179839 -0.045390 -0.065807 
141.716105 12.273574 -0.037043 -0.170487 
5.549444 31.684017 0.533039 -0.118348 
140.001583 12.712126 -0.322059 -0.306044 
84.435575 30.815205 0.172461 -0.063073 
63.456020 14.847076 -0.057011 -0.326838 
83.403230 35.183898 0.017241 0.331025 
106.099507 44.599102 -0.221172 0.049130 
125.762612 23.408964 0.003328 0.090817 
124.413941 13.503854 0.017790 0.014463 
10.646484 26.819612 -0.018042 -0.104654 
139.273042 14.760550 -0.020233 -0.100298 
60.479856 16.024179 0.148741 -0.232454 
117.897939 32.281344 0.055945 -0.449684 
115.963281 14.531268 0.012006 -0.075995 
115.801242 35.382259 -0.036989 -0.058128 
32.385677 21.807552 -0.158376 0.436312 
117.770151 13.261894 -0.044809 0.252624 
135.072432 43.401652 0.478644 -0.499247 
133.796130 44.368805 0.016427 -0.184001 
145.659447 41.417872 -0.132637 -0.040856 
17.469659 34.546619 -0.422740 -0.087788 
137.670120 15.065983 0.277873 -0.181223 
41.459506 20.068529 0.298579 -0.152172 
151.624194 38.979399 0.195260 0.281693 
22.411154 21.674265 -0.011453 -0.294323 
64.984603 38.519926 -0.309201 0.009041 
144.527878 24.931247 0.197763 0.152543 
88.417788 50.784873 -0.026676 0.106605 
124.144229 40.969752 -0.345580 -0.511775 
47.539110 12.235017 0.291445 0.213606 
135.422522 52.717912 -0.123479 -0.165145 
60.418942 19.722402 0.206475 0.239331 
132.343764 49.563349 -0.118911 -0.312272 
39.184793 46.193221 0.121129 -0.230973 
133.279404 53.659816 -0.274640 -0.259953 
69.839823 39.722717 -0.059109 0.241501 
54.787652 33.284449 -0.093378 0.147980 
87.913993 19.865315 0.437109 -0.049535 
88.275429 32.827463 -0.418419 -0.440077 
16.593456 45.688072 0.015705 0.061356 
94.069665 45.528518 -0.008606 -0.445262 
87.344426 51.401666 -0.011646 0.330486 
55.161471 12.740452 -0.136244 0.172044 
114.710456 34.075058 0.038844 -0.578501 
166.507718 53.899800 0.302574 0.228082 
74.549049 39.940433 0.023695 -0.226883 
126.008275 17.977947 0.127619 0.090260 
18.673562 49.095556 -0.068828 0.025204 
49.528566 52.339973 0.002490 0.025683 
60.550833 54.299658 -0.079995 -0.031960 
160.547153 33.765670 -0.033955 0.155428 
40.839073 53.913720 0.056549 0.136722 
154.448571 33.133496 -0.012683 0.066677 
150.127121 23.496975 0.467541 0.095552 
137.623026 24.426769 0.040543 0.231047 
138.366414 38.109069 -0.000965 0.528221 
120.355123 29.879151 0.171488 -0.173611 
69.023160 33.197685 -0.226859 0.018540 
105.449330 48.883151 0.128375 0.072978 
6.859192 14.478540 -0.132315 -0.152784 
34.949296 50.600484 0.117477 0.076195 
132.642781 26.471246 0.063782 0.195889 
105.717566 22.321034 -0.245693 0.091873 
129.793719 35.040578 0.330750 0.008049 
63.825666 17.451707 -0.261668 -0.037186 
10.707233 32.342719 -0.101385 -0.422368 
102.558929 53.713651 0.029090 -0.101152 
152.422756 45.651390 0.051668 -0.080175 
31.440900 38.055335 -0.240216 -0.287485 
88.468975 36.000596 0.034500 0.050353 
125.184212 41.871988 0.034144 -0.040029 
0.781342 26.076545 -0.092309 0.036090 
109.223226 39.712247 0.103416 -0.072268 
42.578727 18.603109 0.168668 -0.137924 
85.698042 15.043349 -0.283190 -0.147471 
18.909168 36.435015 0.510447 0.140367 
31.039882 51.266983 0.056953 0.165747 
107.961055 17.664322 0.112737 0.057721 
120.954043 19.557489 -0.250853 0.107280 
22.275502 17.703433 -0.166523 -0.410004 
81.761349 16.536492 -0.336266 0.345751 
110.124522 15.116538 0.143107 0.116277 
0.162120 48.601063 0.336068 0.102687 
94.383467 19.498623 -0.185774 0.214993 
102.384682 26.507669 -0.127256 0.008641 
111.309267 45.601003 -0.148503 -0.511248 
67.084314 21.955651 0.160355 -0.353270 
47.703582 50.070479 -0.112213 0.393063 
1.991593 25.390312 -0.190660 -0.052997 
63.337154 38.762182 -0.221124 -0.148967 
127.263085 50.114933 0.253274 0.492686 
28.062517 33.614507 0.017342 0.120887 
14.144301 33.073664 -0.026527 -0.082288 
67.378771 43.679584 0.113336 -0.113608 
19.643525 53.259251 -0.412323 0.142993 
99.647041 29.694021 -0.040750 -0.291026 
156.633506 25.508077 -0.099281 0.175447 
127.067702 14.812078 -0.006629 -0.199278 
131.659301 13.280820 0.517036 0.423478 
70.486091 53.035499 0.148266 -0.348362 
71.809336 43.352370 -0.237829 -0.224607 
46.550863 43.876814 0.444961 -0.226259 
5.808893 45.319421 -0.255188 -0.146286 
92.317612 49.544610 0.060693 0.162801 
9.680229 25.003813 0.381337 0.345981 
124.504523 17.982697 0.154457 0.097174 
126.250869 48.459098 0.098732 0.208917 
159.406712 54.372922 0.304634 0.153976 
92.107848 31.681517 0.109538 -0.187700 
165.665752 15.156038 -0.120067 0.284170 
154.138616 27.574239 -0.270410 -0.005624 
34.082690 40.234780 0.185553 0.442060 
113.506530 25.736446 0.055843 -0.132871 
74.108601 36.698156 0.285137 -0.173396 
33.716658 44.230865 -0.087230 -0.356788 
50.280754 46.244831 0.018101 0.181864 
135.136671 13.815424 0.295048 0.528616 
119.075814 55.852079 0.165286 0.204075 
101.191807 28.164907 0.160176 -0.148792 
59.554950 12.386414 0.549875 0.091761 
131.233253 29.405311 0.138997 -0.025625 
150.463298 33.131126 0.060982 0.134048 
166.131323 16.501501 -0.204706 -0.325131 
2.381284 28.994133 -0.304048 0.042285 
115.951680 43.397705 0.109371 0.164717 
50.588460 16.448718 0.193865 0.010521 
122.101696 38.643109 -0.396230 -0.382976 
166.029122 33.932094 0.147485 0.280674 
9.790270 12.679562 -0.291159 0.163416 
113.072941 39.601026 -0.205334 -0.229847 
133.902621 26.920428 0.451418 0.302617 
139.197794 55.208473 -0.038081 0.006400 
37.824813 38.851954 -0.083062 0.149522 
79.064739 16.594418 -0.499727 0.209369 
155.675207 50.686847 0.151750 -0.072576 
51.692528 39.716970 -0.230358 0.095136 
126.494084 44.545162 -0.005257 -0.643838 
56.158431 52.861137 -0.146738 -0.386474 
30.157475 40.829062 0.407608 -0.419136 
62.258970 46.194797 -0.034971 0.105700 
37.121017 46.744219 -0.124531 0.015828 
49.492571 19.100944 -0.165003 -0.220799 
40.722673 29.334179 0.508435 -0.081786 
107.547009 28.579462 0.316858 -0.100103 
20.177980 49.919272 -0.308774 -0.225347 
122.749962 25.799388 -0.162716 0.181246 
108.922654 27.614303 0.212433 0.234164 
136.891394 32.475124 0.200094 -0.471913 
161.880262 35.643195 0.259078 0.571568 
25.731632 55.198801 -0.403760 0.187191 
149.418946 26.252038 0.195713 -0.096576 
103.949619 27.904329 -0.117299 0.029071 
152.134763 14.546425 -0.088321 0.244933 
38.852325 11.844807 0.084874 -0.409276 
131.674461 16.790126 0.139752 0.240336 
70.741010 47.344012 -0.110474 0.166742 
72.669976 19.647426 -0.281084 -0.320980 
41.450732 39.928321 -0.480404 0.145148 
2.081113 22.113970 0.135809 0.651649 
64.371677 44.856937 -0.130073 -0.011782 
48.755530 45.354231 0.354843 -0.278841 
47.021639 21.631079 0.059519 0.258125 
12.677321 15.166576 0.012595 0.008363 
0.303716 24.029683 0.253616 0.039106 
48.578950 41.349824 0.150223 0.019395 
71.904347 39.145449 -0.276103 -0.015542 
72.983926 11.522932 -0.460039 -0.063649 
123.579430 46.261623 -0.064594 -0.056650 
142.609895 37.358812 0.204801 0.357048 
150.520421 14.300498 -0.168937 0.015848 
118.309069 42.157592 0.023141 -0.210925 
56.421007 41.368841 -0.207488 -0.324556 
53.754730 55.328023 -0.305749 -0.173083 
96.446282 24.421996 0.235476 0.355756 
80.519452 41.777412 -0.099831 -0.022953 
67.600322 29.233075 0.078397 0.136164 
103.579160 19.063646 -0.237263 0.116088 
27.028960 39.773407 -0.086702 -0.147556 
22.559380 49.609710 0.314997 -0.124819 
107.873398 52.364859 -0.290547 -0.191998 
151.888249 46.793260 0.002344 -0.016834 
1.939120 13.830148 -0.600822 0.055382 
103.819604 14.427881 -0.115873 -0.564989 
126.181034 53.123822 -0.011182 -0.122148 
113.681980 33.329061 -0.285021 -0.239096 
59.503972 33.262398 0.082365 -0.006960 
157.279227 17.460896 -0.210678 0.133129 
11.075705 49.318376 -0.171661 -0.019074 
128.153901 42.207652 0.027105 -0.052686 
59.393778 15.076953 0.076496 -0.200898 
105.383050 10.710173 -0.026602 0.065744 
139.477194 46.888811 0.227564 -0.134908 
58.090773 33.143556 -0.437306 0.289334 
132.628822 11.660307 0.336457 0.241903 
149.136723 24.670548 -0.025994 0.055801 
15.518965 53.284260 0.398936 -0.343694 
106.069217 40.111597 0.492167 0.121709 
23.728807 22.099148 -0.039488 0.170401 
136.793125 52.746584 -0.348164 -0.009159 
57.349482 31.953276 -0.529372 -0.204441 
153.991989 25.548517 -0.034659 0.066752 
109.430607 17.644599 -0.170940 -0.179605 
125.669702 32.698105 -0.310845 -0.029249 
124.472037 16.047598 -0.143596 0.099329 
158.151752 46.482535 0.786742 0.032012 
145.529615 22.665030 -0.180964 0.138225 
70.997265 29.866415 -0.024243 0.052718 
101.155863 12.653788 0.096446 -0.046723 
163.030805 16.671099 -0.363459 -0.243917 
4.103127 44.304732 0.131258 0.529652 
154.158722 29.489246 -0.493729 -0.036381 
21.633519 38.649422 -0.737913 -0.527240 
121.456855 13.435971 0.185920 0.598337 
79.678536 50.974270 -0.043264 0.614906 
31.451215 18.111252 0.459330 0.127553 
159.413860 30.075845 0.375105 0.167878 
67.276977 48.760534 -0.165176 0.090816 
32.696333 14.957532 0.241338 0.280361 
117.032447 22.403937 0.280884 -0.216332 
21.500217 23.937340 -0.575660 0.080114 
99.758529 50.697686 -0.353646 -0.128514 
123.061544 14.001788 -0.181452 -0.076185 
45.429847 19.117481 -0.104636 -0.280754 
103.058931 52.006947 0.120586 -0.189288 
45.466368 25.424451 -0.296293 -0.218943 
35.393792 39.203047 -0.077803 -0.007603 
29.639184 46.267736 0.229668 0.133369 
114.547355 44.725040 -0.106310 -0.097424 
85.845746 22.289129 -0.014478 -0.024388 
44.936353 14.599133 0.093422 -0.063467 
78.284897 48.845898 -0.162983 0.409526 
62.442829 55.061131 0.118952 -0.025118 
48.646222 43.163435 -0.050055 0.086207 
35.555813 48.463500 -0.024630 0.155440 
30.363164 48.624627 0.207643 -0.378647 
156.904896 39.900229 0.231356 -0.422316 
65.253197 41.140247 0.578694 0.062298 
155.537514 30.012138 0.135463 0.497587 
112.234490 35.830465 0.143362 0.224559 
5.050659 13.640479 0.247168 -0.067826 
8.246699 13.513981 -0.245314 0.629456 
160.196230 13.550925 -0.095297 0.315713 
67.685848 54.948309 -0.008440 -0.053336 
115.991390 12.547853 0.138098 -0.103410 
143.060144 53.559087 -0.062085 0.055585 
134.687341 29.747749 0.050994 -0.213258 
65.851224 43.893946 -0.584815 0.197466 
83.514751 22.916699 -0.013083 0.265012 
110.822947 22.300481 -0.030316 0.004771 
122.751636 28.036918 -0.276408 0.217245 
92.595782 36.307806 0.289106 -0.126229 
86.493815 11.523004 -0.309080 0.167882 
19.319969 33.222860 0.170049 -0.109617 
130.091883 31.628701 0.274580 0.071683 
37.560032 18.950083 0.024741 -0.018868 
80.628741 26.828823 0.081479 0.088518 
29.944416 24.677561 0.048712 0.149424 
108.071773 15.937398 0.189785 -0.186250 
59.274806 31.720840 -0.369313 -0.379888 
89.116948 28.461316 -0.072240 0.121367 
114.409267 50.930002 0.122556 -0.280838 
156.127588 41.465295 0.222445 0.012378 
146.602285 53.423492 -0.357437 -0.148199 
166.306823 40.956964 -0.162145 -0.291332 
24.910602 50.069661 0.009851 -0.274208 
1.196558 17.146739 -0.164455 -0.145579 
1.947108 49.636977 0.196770 -0.205657 
17.992046 16.752164 0.076378 0.326826 
140.038946 33.450727 -0.147481 -0.356007 
100.710291 41.409483 -0.510982 -0.260959 
70.826810 32.626266 -0.061882 0.042995 
24.962605 51.186552 -0.056462 0.183354 
134.989646 21.893969 0.181278 0.591811 
47.528163 28.393548 -0.179655 0.006794 
31.690274 40.923832 0.420387 -0.146888 
162.171540 41.545127 0.205159 -0.070296 
160.957090 29.835465 0.290245 0.076838 
116.997410 53.795560 0.193842 -0.510650 
102.051081 38.097345 -0.222823 -0.093105 
8.091813 25.725066 -0.130466 0.131444 
44.483771 27.859202 -0.231948 0.055656 
162.193465 18.684256 0.182517 0.046049 
53.021669 41.183136 -0.172375 -0.218224 
21.757317 52.878681 -0.235477 -0.227713 
26.114821 51.858973 0.124378 -0.500017 
113.815531 48.623659 0.061107 -0.068492 
143.853733 29.170732 -0.041328 0.024764 
91.837336 53.868418 0.010067 0.001135 
25.342480 39.053741 -0.053019 -0.337018 
126.063352 54.929369 0.106394 -0.128053 
93.912023 34.163695 -0.285387 0.135221 
114.628262 46.772976 0.061331 -0.019021 
18.760888 44.818309 -0.261144 0.043579 
37.944633 13.006133 0.197455 0.001010 
39.600828 22.906126 0.090341 0.122582 
88.032771 42.914318 -0.206198 0.002531 
86.994548 21.254504 -0.026459 0.165019 
22.832750 31.412467 -0.483988 0.213691 
37.235040 14.198086 0.143313 -0.091627 
13.897256 49.464637 0.156631 -0.357031 
89.074891 34.203474 0.266897 0.154364 
8.659895 21.470102 0.139879 0.347574 
119.258010 41.168309 0.163843 -0.046376 
119.052289 19.255809 -0.277529 0.102331 
46.378067 53.531510 0.205220 -0.219618 
10.222508 53.536792 -0.055667 -0.403119 
85.217817 17.447230 0.006104 0.441162 
58.813145 17.650093 -0.202899 0.023016 
165.024894 38.323250 0.296596 -0.276486 
94.117690 26.537386 0.430020 0.029319 
128.275621 49.803745 -0.006507 0.144077 
83.955957 11.040892 -0.020995 -0.242975 
57.398186 52.136179 -0.349271 -0.362822 
88.434378 14.792701 0.036433 -0.310015 
17.923304 47.283490 -0.227711 -0.134307 
93.486271 31.302584 0.161685 0.237774 
38.467663 28.927079 -0.271274 -0.357373 
105.514578 36.312326 0.009373 0.024514 
18.898741 23.263678 -0.245199 0.692162 
25.896046 24.834985 -0.311659 -0.056111 
116.609877 28.973699 -0.004319 0.454992 
14.394791 38.480373 0.062693 -0.056833 
49.240447 30.949162 -0.151641 0.157899 
75.343166 45.333689 -0.032100 0.333587 
150.158113 40.171898 0.029593 0.009775 
163.306354 30.951385 0.224226 0.546374 
141.762102 21.584460 0.080141 0.196739 
114.429277 22.521849 0.024318 0.067943 
66.879700 27.765229 0.135998 0.561910 
108.172035 55.132200 -0.109207 -0.384687 
129.175044 33.381155 0.090064 -0.187371 
123.932528 34.948777 -0.399884 -0.135247 
60.284430 46.525106 -0.091704 0.468768 
92.161845 39.916595 0.102061 -0.213827 
18.632520 21.188775 0.184119 0.184053 
40.623388 32.468893 0.416965 0.276111 
58.707020 41.569759 -0.268729 0.047585 
15.929848 40.327165 -0.334451 -0.132389 
152.151972 22.030810 -0.203302 -0.015083 
166.213334 36.057834 -0.000834 0.296237 
40.601673 38.328297 0.140960 -0.001564 
102.591241 13.051320 0.334708 0.177735 
101.819950 11.520457 0.018763 0.214245 
107.298622 34.385757 0.189230 -0.113948 
43.861373 44.659746 0.036913 -0.228725 
66.938772 34.068988 -0.180705 -0.404678 
70.281431 20.429727 0.074660 0.342335 
26.220279 45.958920 0.083980 -0.304509 
26.599412 32.604440 0.099826 0.329926 
15.633496 54.653787 0.257614 0.209271 
45.677524 36.844635 -0.393728 0.305188 
53.637250 31.147079 0.172151 0.146090 
69.434249 51.512977 -0.061616 -0.042502 
147.785014 45.906465 0.527381 -0.380336 
139.630501 25.988184 -0.123911 0.263103 
129.805979 21.436785 0.028975 0.111250 
140.902060 27.748340 -0.104479 -0.189449 
112.755855 44.920802 0.009492 -0.093954 
89.345349 31.254275 0.436533 0.435043 
70.943212 41.046146 -0.133767 0.442529 
38.431562 10.384711 0.043969 0.023397 
109.453409 20.956416 -0.029438 0.069721 
36.923854 32.855661 -0.253014 -0.288005 
139.193922 24.118341 0.137173 -0.095663 
102.022130 48.361917 0.581742 0.587006 
153.937820 31.346461 -0.458466 0.412231 
103.696370 43.062433 -0.101735 0.150650 
20.281893 45.211414 -0.416231 -0.251746 
72.043392 54.972401 -0.134771 -0.153826 
68.768576 19.161346 -0.054718 -0.014050 
69.256343 25.329003 -0.176472 -0.021108 
36.669259 17.391376 0.022359 -0.008321 
25.780619 22.011030 -0.343300 -0.045298 
101.339086 54.702959 -0.155251 0.191107 
7.309397 39.261054 -0.340969 0.105830 
96.710399 13.230242 -0.112841 -0.205555 
14.372286 19.125325 0.051706 0.217070 
54.166564 49.634365 0.035803 0.135968 
58.227948 11.439158 0.165569 0.116813 
152.843898 18.025024 0.030940 0.084140 
129.978322 11.807685 0.111411 -0.204193 
146.375850 11.499862 -0.011818 -0.424162 
22.826155 41.765868 -0.022704 -0.264879 
33.102135 32.237567 -0.221774 -0.004713 
44.056055 36.084960 0.245081 0.058014 
82.700382 38.380979 0.244092 0.283409 
163.653283 44.165050 0.123215 0.144000 
137.167119 47.450761 0.183956 0.054313 
97.028774 55.415745 -0.250796 -0.588813 
62.271094 48.245437 -0.235156 -0.053632 
82.393564 48.047615 0.429958 0.347487 
28.725925 41.086744 -0.023543 -0.062064 
6.708514 34.984722 -0.144137 0.104219 
118.456219 28.766925 -0.069136 0.013831 
52.606559 24.886171 0.177176 -0.073729 
2.151807 15.071255 -0.180936 -0.073982 
136.001841 39.142046 0.148712 0.211598 
136.268249 34.632168 0.007915 -0.342040 
129.236501 24.656351 0.148971 0.090195 
82.352015 42.150219 0.103754 0.008598 
109.566159 45.941942 -0.041330 0.069415 
35.464728 30.758611 -0.305700 0.097179 
1.744962 43.950732 -0.177868 0.114689 
83.188638 30.206531 0.091916 0.038510 
79.915503 37.252614 0.213273 0.058697 
68.108500 31.395135 -0.052359 -0.244756 
62.863697 44.360755 -0.018514 -0.088068 
27.480741 19.404728 0.004317 0.366376 
39.914284 26.218126 0.006521 0.011072 
61.964933 27.418754 0.179214 0.113072 
126.592559 21.742770 0.097523 0.158028 
67.969421 47.703305 -0.034505 -0.052671 
115.892755 36.687587 0.034933 0.364277 
50.195174 15.170828 0.031402 0.010898 
132.402830 22.179581 0.223002 -0.074654 
165.956413 43.371313 -0.098871 -0.324859 
73.298304 38.243172 0.071881 0.106258 
86.912105 47.741440 -0.233185 0.115260 
96.927297 17.168226 -0.056858 0.179557 
98.146298 16.527359 0.169885 -0.188050 
119.257397 42.825483 0.048347 0.290367 
42.040494 43.235121 0.133316 -0.094137 
103.947893 44.852862 -0.445464 -0.422444 
55.468422 54.816040 0.361342 -0.135325 
67.932007 35.927719 -0.122872 0.341901 
133.636198 13.066058 0.072099 -0.290404 
140.910659 45.039380 0.204633 0.271783 
0.518404 37.980103 -0.299524 -0.089803 
121.232933 52.611318 0.077958 0.013756 
27.616303 55.061884 0.351412 -0.158462 
112.529423 38.208311 -0.180753 0.286653 
28.465991 48.432528 0.185570 -0.117536 
100.494388 46.893229 -0.198239 0.343031 
14.680948 36.788458 0.203687 -0.370119 
41.420706 21.727761 -0.115669 0.169193 
104.995841 42.149695 0.044624 0.058439 
18.096959 11.272770 -0.240317 0.061859 
57.102568 49.096776 0.079540 0.031074 
159.062958 48.037775 -0.032693 -0.044298 
111.901029 42.659897 0.025559 0.184396 
42.844205 14.107308 -0.286153 -0.000060 
78.093079 21.802007 -0.025062 0.319809 
61.056796 30.249345 -0.502615 -0.207105 
52.220577 22.407878 -0.007453 -0.124989 
145.788272 13.158947 -0.068954 0.095576 
156.686107 19.116476 -0.314058 -0.134989 
131.241594 15.226349 0.639502 0.478060 
57.472359 45.458643 -0.093367 -0.064334 
111.704337 26.356994 0.033358 -0.070691 
13.278113 24.931144 0.115186 0.483572 
21.290674 41.251167 -0.259658 -0.127825 
15.416317 22.160856 -0.142899 0.346369 
5.236200 35.764363 -0.220981 0.090124 
73.326346 44.129773 -0.325944 -0.024660 
43.004365 47.162497 0.102817 -0.069550 
154.470239 39.671676 0.012274 -0.688419 
24.419728 53.248508 0.396645 -0.381665 
65.183831 34.806492 0.043490 -0.021112 
135.102521 27.086429 0.115697 -0.043077 
119.662556 54.573536 0.234713 -0.379035 
139.296772 36.384150 -0.110030 0.147792 
8.436957 43.591011 -0.165905 0.281874 
60.650954 40.752568 0.289396 -0.259245 
100.866822 36.761445 -0.016476 0.126330 
163.270003 38.474576 0.096796 0.002462 
83.150197 46.143392 -0.048092 0.122704 
76.004631 43.795655 0.466581 -0.434970 
101.699361 51.710335 -0.905269 -0.120654 
119.993801 11.363844 -0.088843 0.058959 
108.206187 44.589217 -0.047781 0.038976 
124.265605 26.908140 -0.013329 -0.235244 
152.910459 34.532357 0.321564 -0.048508 
78.324220 52.045726 0.153559 -0.262453 
39.319696 40.547670 0.219170 -0.467811 
138.649930 21.054902 0.072455 -0.307227 
34.712572 13.579081 -0.180377 -0.294634 
34.953498 52.724734 0.131891 0.235403 
79.137353 46.751188 0.156078 0.521084 
73.116675 34.005718 0.312954 -0.334529 
90.148281 34.072098 0.286557 -0.275061 
33.927577 26.271358 -0.368979 0.222480 
74.968045 16.707668 0.066606 0.097134 
106.749827 21.282705 -0.227745 0.138557 
144.032797 41.557141 -0.064360 -0.237319 
118.788201 22.115494 -0.136980 0.384561 
94.463482 48.083701 -0.149871 0.288337 
130.594348 49.064613 -0.058786 0.022117 
37.702214 35.079048 -0.436314 -0.159136 
127.508542 28.845600 -0.004407 0.003278 
151.476186 18.701252 0.267013 -0.017737 
95.838781 21.206132 -0.169231 -0.079084 
5.426481 24.178268 -0.019479 0.198159 
76.922553 49.552663 0.195848 0.502279 
134.101215 16.136960 0.015772 -0.044624 
125.123037 52.351813 0.013294 0.209477 
44.186812 50.237975 0.200101 -0.092460 
38.190771 53.886967 0.096768 -0.011524 
56.414141 23.458528 0.215103 -0.135312 
46.959484 19.983829 -0.091448 0.125324 
9.584983 33.568205 0.140400 -0.148398 
148.808608 41.283455 -0.021434 0.099702 
97.556986 52.598794 0.030808 0.158380 
159.155377 19.026627 0.058481 0.576340 
102.868149 28.972343 -0.380054 0.152470 
11.210996 29.782417 0.348383 0.026205 
95.595000 49.299016 0.025373 -0.113659 
65.890061 53.641318 0.052742 0.272368 
80.654712 47.705279 0.357720 0.132773 
23.889093 10.994327 0.211894 -0.135484 
64.113491 19.073154 0.193964 -0.096136 
31.958792 24.183065 0.110542 -0.026974 
74.031665 49.991942 0.190302 -0.097687 
129.077212 41.383342 -0.333217 0.148525 
43.876451 38.164532 -0.102574 0.005785 
135.003554 33.480128 -0.129221 0.157001 
46.885815 41.848859 -0.048782 -0.134749 
156.770533 49.909470 0.137614 -0.076083 
42.878583 52.507705 0.309247 -0.343686 
161.225615 31.301224 0.320425 -0.115519 
134.205769 23.053954 -0.003978 -0.073482 
109.859420 23.456310 -0.271006 0.415099 
78.427721 28.368170 -0.098314 -0.041196 
71.025453 34.288975 0.022458 -0.187733 
156.898516 28.913774 0.241560 0.135320 
52.776551 50.904613 0.206192 0.186599 
80.914502 28.775839 0.004613 0.117710 
75.408640 41.708316 -0.015097 -0.152967 
51.890648 17.623442 -0.046960 -0.031045 
105.481943 28.714002 -0.183955 0.249785 
159.687382 44.940656 -0.055087 -0.606053 
51.741689 26.166211 -0.156306 0.247800 
81.787188 23.425005 -0.119131 0.110093 
119.499639 44.250859 0.141617 0.484772 
143.841971 21.542917 0.215057 -0.083527 
104.887255 32.029507 0.200800 -0.128226 
146.815081 19.783321 -0.097600 -0.045674 
150.566621 43.448332 0.052964 -0.373587 
75.819829 20.333558 0.268409 -0.142142 
11.702846 50.695303 -0.167646 -0.035611 
53.176290 13.078549 0.013820 -0.359113 
31.047779 15.381097 0.128671 0.492155 
138.930967 48.193030 0.288097 -0.122450 
72.894873 42.309223 0.054466 -0.421931 
147.230198 25.710206 0.222769 0.366196 
77.282522 17.471460 -0.031083 -0.101081 
7.343922 52.005841 -0.047208 -0.388977 
143.962907 11.493237 -0.321317 -0.073113 
165.307758 31.668727 -0.551426 0.091077 
131.389095 33.561163 -0.536403 -0.415815 
4.044361 47.719053 0.074872 0.174275 
5.912940 51.267837 -0.123569 0.181343 
105.113169 16.270648 -0.088698 -0.057492 
148.254290 52.666409 0.153478 -0.051870 
86.368390 19.744102 -0.077154 -0.092453 
93.475916 44.291057 0.122473 -0.337723 
164.044072 34.135896 0.020281 0.102070 
91.366324 28.700261 0.208981 0.465775 
6.585895 20.788321 -0.529785 -0.109318 
96.630766 48.593428 -0.067009 -0.027865 
28.224811 36.630963 -0.242749 -0.158774 
59.530396 36.399793 -0.276364 0.077939 
135.866345 16.090270 0.048861 0.606190 
31.102760 22.120267 -0.220809 0.250689 
52.131772 32.310873 -0.107495 -0.153118 
150.232702 55.274717 -0.057550 -0.038142 
123.019584 17.831151 0.268282 -0.033351 
48.840480 21.231740 -0.096324 0.034555 
68.750349 52.891389 -0.219036 0.303774 
92.390146 27.682072 0.106166 0.050188 
117.937418 35.976947 0.051456 -0.041214 
147.823038 13.411276 0.045343 0.480963 
111.394376 39.276913 -0.128912 -0.041425 
145.239733 35.066759 0.357330 -0.027704 
35.729067 11.420015 -0.058692 -0.177411 
164.268604 54.848931 0.063796 -0.306492 
102.001269 20.492963 -0.105073 0.135988 
93.689487 54.771582 -0.178112 0.201741 
45.862010 29.480795 0.156916 0.056101 
11.097318 55.445343 -0.223965 -0.185116 
159.210086 28.058595 0.210652 0.273532 
105.864937 55.236578 -0.395062 0.069008 
160.197357 19.477133 0.315013 0.003828 
22.391074 54.304935 -0.130627 0.220771 
62.415816 52.961627 -0.191183 -0.084567 
25.331162 17.284346 0.240228 0.292554 
121.119483 49.571163 -0.111615 -0.039397 
74.566829 48.335067 0.055596 0.086714 
158.854321 31.999352 -0.178234 -0.084303 
23.930830 30.115242 -0.000429 0.072067 
7.711466 48.506056 0.002861 -0.082096 
76.310635 10.763723 0.045305 0.024833 
8.716350 40.579930 -0.199720 0.059117 
89.513993 43.022695 0.144109 0.240431 
41.722072 24.869961 0.050696 0.239513 
58.290768 43.861110 0.342560 0.106605 
106.007841 14.348583 -0.118624 -0.084545 
10.004679 47.975391 0.190009 0.000904 
103.776839 11.218829 -0.069601 0.151800 
27.707564 43.827473 -0.327025 -0.152149 
32.859454 49.998593 -0.089810 -0.056412 
143.384828 33.161183 -0.032605 -0.339892 
146.681329 51.106112 -0.512468 0.106613 
85.898509 26.087700 0.034232 -0.094864 
150.328028 38.394783 0.422409 0.006687 
145.831526 16.874583 0.116068 -0.022064 
25.883095 28.268302 0.093200 0.117672 
67.785094 27.222492 -0.281698 0.124465 
14.350402 13.834883 0.417899 0.164040 
77.183444 30.863947 0.015080 0.045126 
14.888590 12.348437 -0.100544 0.010944 
28.399215 31.975528 0.092905 -0.103075 
25.945665 30.762810 -0.218722 0.036039 
67.738128 24.239709 -0.274353 0.116850 
72.105856 27.698050 -0.195837 0.445099 
133.254602 28.042411 0.323252 0.212038 
40.723814 27.675382 -0.016976 -0.409318 
10.615616 21.168061 0.145115 0.524616 
78.242756 32.268337 0.117157 0.061507 
59.151557 27.940374 -0.680804 0.223054 
139.069199 11.071265 0.049449 -0.316319 
17.554270 35.622136 -0.229116 0.074896 
79.894623 35.377806 -0.299010 -0.101148 
53.706328 27.112123 0.333216 0.074166 
29.588567 27.853332 0.241480 -0.030838 
43.694214 19.706156 -0.053732 0.086225 
39.022633 44.364623 -0.232130 -0.008594 
144.844317 46.193408 0.057080 -0.131594 
28.383076 20.973034 0.414694 0.086999 
128.830453 19.682486 -0.096835 -0.112335 
158.591598 43.605045 0.153415 -0.159179 
41.866712 33.560071 0.454306 0.084587 
115.861545 31.368941 -0.231145 -0.153643 
73.978336 18.223569 -0.175543 0.221595 
136.136818 45.101003 0.064091 -0.065642 
115.906833 39.820938 0.159596 -0.017789 
94.674580 27.402966 0.179591 -0.043843 
63.464973 42.987561 0.502398 -0.169497 
34.160330 46.361591 -0.062508 -0.108425 
164.036358 42.994836 0.151007 -0.003128 
129.268698 40.002284 -0.291963 -0.157077 
58.461129 29.815220 0.203993 -0.188990 
108.825879 34.653536 0.248638 -0.072529 
72.456212 46.332855 0.155125 0.024776 
50.452182 48.999732 0.466067 -0.181294 
119.053556 34.747217 0.269703 -0.147686 
144.641903 18.820285 0.280656 0.188805 
30.130868 32.456036 -0.036893 0.250740 
150.307182 51.046333 -0.181895 0.139858 
6.146699 43.392800 -0.026232 0.310694 
91.382708 18.775483 0.189562 -0.230030 
89.117408 48.194313 0.263605 0.037947 
99.421155 23.898638 0.090759 0.315662 
28.880745 52.965413 0.438847 -0.512528 
44.410521 54.958164 0.349015 -0.523218 
75.173605 24.616486 -0.087894 0.143803 
84.566801 55.570212 -0.134532 0.071957 
134.192529 55.161572 0.038837 -0.203287 
41.088715 10.708475 -0.152922 0.382689 
30.118704 52.871058 0.157054 0.047721 
38.963491 14.734497 0.604544 0.159687 
160.455640 48.682643 0.203687 -0.340034 
37.521577 16.238295 0.252832 -0.191365 
101.835525 42.661457 0.244763 0.210920 
12.105058 27.595578 0.119028 0.455133 
117.410413 30.376108 -0.062027 -0.361388 
77.118020 42.766600 0.025745 -0.103305 
129.125998 12.999881 -0.008983 -0.233070 
43.041794 31.840636 -0.099751 0.019557 
112.009353 32.636302 -0.096482 -0.034160 
31.992474 16.602785 0.014911 -0.072560 
0.630873 14.556219 0.322136 -0.227469 
40.855586 50.054234 -0.097271 0.200992 
76.381390 55.480893 -0.000108 -0.035187 
22.166061 46.689779 -0.150924 -0.168945 
149.539404 19.332760 0.063016 -0.400398 
76.220069 51.981869 0.134741 -0.080480 
159.698280 16.814435 0.496438 0.061457 
87.413720 26.094652 -0.309497 0.386329 
109.536028 43.417506 0.057850 0.282258 
31.340485 46.471427 0.219011 0.121399 
131.623302 25.346477 -0.087537 -0.623133 
108.508430 11.605329 -0.079732 0.039275 
29.643718 19.026306 -0.208471 -0.201051 
21.847902 25.512710 0.244976 0.343822 
101.990159 49.994360 -0.014406 -0.094972 
110.460756 41.332420 0.144844 -0.068470 
115.267024 19.217835 -0.197477 -0.062388 
87.358481 40.371502 0.398534 0.204511 
52.515271 49.216073 -0.105110 0.391494 
76.655650 24.755503 -0.312944 0.319081 
33.788632 17.950724 0.020130 -0.219159 
71.686350 37.549854 0.015513 0.407549 
98.705779 42.598454 -0.319863 -0.088201 
162.034476 23.809832 -0.103554 -0.300541 
103.882788 29.960908 -0.364753 -0.063636 
85.322554 54.088680 0.131520 -0.030331 
77.940096 12.075659 0.023105 0.004954 
133.470944 24.795225 0.034593 0.107474 
53.757804 46.299311 -0.081473 0.401576 
72.072687 17.900623 -0.124658 0.081956 
108.667383 42.282987 -0.256832 0.146301 
11.280399 19.787040 -0.358749 0.062967 
145.986396 49.698280 -0.139325 0.244201 
26.533048 42.174902 0.246914 -0.001380 
98.727670 28.013138 -0.542416 -0.064932 
11.764446 23.379160 0.405067 0.056126 
20.855838 21.944054 -0.124005 0.389493 
23.575514 12.709805 0.047085 -0.118829 
37.189337 49.053246 0.007349 -0.152604 
146.438267 14.987218 0.032488 -0.024610 
137.797197 33.780094 -0.353874 -0.393008 
61.160901 45.213728 -0.061286 -0.158763 
35.611771 34.294197 -0.377139 0.113851 
118.743062 13.760150 0.090907 -0.044366 
64.339660 14.520855 -0.646585 -0.144162 
9.774475 44.711499 -0.333247 -0.274066 
140.085526 20.227843 0.250225 -0.215378 
154.427771 35.787457 0.315298 -0.064461 
114.575232 49.894939 -0.050238 -0.054523 
154.714007 18.677521 0.265763 -0.192525 
80.850333 38.868717 -0.158358 0.100560 
27.999316 35.587250 -0.110889 0.185906 
13.634938 12.279722 0.050577 0.252114 
54.695391 53.567059 -0.506482 -0.434844 
48.883838 37.521428 -0.245145 0.019987 
0.929052 34.825308 0.185133 0.073482 
142.525348 48.064217 -0.249196 -0.015994 
105.550885 34.427820 -0.024201 -0.018502 
82.500131 31.850298 0.006396 0.191034 
89.314403 38.040863 -0.085331 -0.197410 
141.841981 33.109580 0.135919 -0.325709 
54.538306 25.636798 0.024709 0.181317 
110.385639 51.992784 -0.250923 -0.130998 
26.437604 11.743215 -0.018908 -0.156740 
35.147654 37.007233 -0.154878 0.022781 
137.123364 50.467879 0.354680 0.120243 
121.659373 22.383781 0.344051 -0.284265 
151.131765 40.934003 0.017546 0.087924 
76.009668 18.603873 -0.053442 -0.076084 
38.007306 21.401967 0.103466 -0.085365 
44.743247 48.448430 -0.034173 0.343936 
4.386252 30.144884 0.104609 0.449643 
10.545719 38.027825 -0.104456 -0.026192 
123.486523 41.992757 0.228416 0.095921 
102.351707 45.458876 -0.063352 -0.075163 
135.507737 24.108601 0.051010 0.290215 
101.217325 30.270291 -0.096023 0.130984 
152.336085 37.102021 0.134345 0.280184 
25.096357 43.208229 0.012448 0.073917 
44.367756 12.364724 0.007221 0.080300 
61.956415 40.509754 0.291203 -0.157472 
44.816936 21.251645 0.669120 0.141967 
3.026202 19.170043 -0.094383 0.452075 
1.720590 53.480918 -0.058686 -0.185423 
58.561697 51.025873 -0.073329 -0.303081 
104.305202 40.192275 -0.170663 0.010495 
75.300195 38.158639 -0.328092 -0.031159 
93.247801 11.056551 0.629209 0.448580 
157.889716 22.481878 -0.229766 0.141663 
153.643750 37.383033 -0.432369 -0.019671 
79.690029 32.879856 0.223301 0.051526 
145.992886 30.169110 0.001873 0.318863 
46.602869 26.634633 -0.126505 -0.064259 
91.339922 38.763599 0.139111 -0.351492 
5.316848 50.310107 -0.139554 -0.270908 
78.318861 15.564711 0.166751 0.384820 
20.445745 11.483153 -0.304613 0.005207 
130.299714 16.070816 0.245921 0.026168 
62.301060 33.395961 -0.051105 0.166570 
76.593745 15.209018 0.178536 0.099755 
48.833401 12.609435 0.256843 0.345259 
72.011248 35.487215 0.050103 -0.387042 
112.408502 41.207501 0.054415 0.070829 
38.956953 48.369091 -0.304448 -0.028724 
161.915353 27.868585 -0.028262 -0.186304 
91.861804 24.558543 0.141466 0.551379 
67.946593 12.520813 -0.110526 0.086583 
64.194754 29.163091 -0.315989 -0.047652 
32.177336 27.417838 -0.020550 -0.085726 
63.799705 50.734753 0.183544 0.083164 
89.918235 18.685547 -0.058748 0.230441 
92.065289 15.426890 -0.137664 -0.144610 
49.004572 48.673289 0.133511 -0.159952 
118.389637 49.503116 0.064450 0.480746 
9.700333 19.162555 -0.065493 0.202941 
96.560880 37.561242 -0.341841 -0.033980 
154.725150 22.835044 0.060134 0.177022 
21.232721 36.206562 0.641784 -0.011525 
54.414171 36.437284 0.300687 0.277310 
77.641222 41.238192 0.092685 0.091274 
1.148248 20.774868 -0.121051 -0.082086 
148.770248 36.612636 -0.005588 -0.227649 
64.234925 54.506949 0.239035 0.180957 
117.426170 44.424607 0.480880 -0.156004 
43.011995 17.300287 -0.245745 0.165989 
137.419703 22.196899 -0.062426 0.018973 
16.468555 16.482697 -0.247425 0.110375 
40.131164 39.584570 -0.301278 -0.077413 
30.622357 44.562823 0.553319 -0.077573 
42.784643 45.239747 0.269946 -0.166684 
23.885572 41.208580 0.301901 0.119244 
27.629724 15.071770 0.140266 -0.077879 
72.294801 13.678321 -0.029795 0.407825 
25.060857 23.056583 0.370341 0.451462 
94.688063 32.316721 -0.088192 0.046184 
107.827482 14.188045 -0.030875 0.060456 
5.840563 11.049956 -0.003208 0.059640 
92.722057 22.625756 0.090766 -0.552440 
6.810057 28.045771 -0.514175 0.045779 
129.136196 26.164968 -0.292319 -0.694297 
99.790911 34.296205 -0.111439 -0.250318 
70.008755 18.405051 0.087379 -0.377662 
4.510474 21.097655 -0.255347 -0.111827 
19.478976 40.363697 0.083262 -0.299632 
156.025769 27.010422 0.067876 -0.325023 
41.715909 23.159181 0.359385 -0.199455 
165.933317 25.612469 0.306961 0.196329 
164.216942 27.440537 0.120524 -0.042716 
123.867771 55.509826 -0.551139 -0.128427 
160.629568 36.281751 -0.092289 0.097000 
131.369506 47.638044 -0.129349 -0.136821 
97.956450 32.108335 -0.203570 -0.130744 
27.638533 51.080214 0.074995 0.113191 
90.052777 55.412930 0.052152 -0.288542 
125.277283 25.102135 0.064853 0.158795 
124.146089 48.398822 -0.240251 -0.236584 
130.080355 29.252990 0.127177 -0.451045 
67.325041 52.638080 0.138603 0.060462 
45.615103 10.930515 0.152676 -0.230195 
161.826785 33.130429 0.223623 -0.144615 
63.621680 12.049823 -0.179395 -0.018157 
105.161408 18.003039 -0.464305 -0.190134 
64.516945 42.217799 0.275370 0.013429 
60.265923 38.914289 0.041229 -0.078424 
12.539727 37.839848 0.279807 -0.002572 
13.634853 42.861199 0.446333 0.235898 
118.695224 23.932775 0.491804 -0.052549 
14.144344 54.602058 0.533680 0.046787 
135.486888 41.851198 -0.273418 -0.500698 
109.223046 19.234059 0.455429 -0.629168 
65.410719 49.970715 0.102912 -0.103931 
28.886283 50.463094 -0.112022 -0.265884 
162.955371 28.924594 0.176203 -0.090550 
37.728963 24.406759 -0.119029 0.230026 
155.506439 42.793820 0.472746 0.501518 
77.964659 20.442274 -0.098690 0.203275 
73.595292 14.270976 -0.045098 0.443072 
92.725908 41.831914 0.255531 0.361945 
9.484014 23.640752 -0.070675 0.092333 
155.831216 52.338103 0.216962 -0.196637 
13.239165 29.798556 0.104631 0.089267 
103.643676 32.894799 -0.410270 0.040589 
148.046427 43.626059 -0.035002 -0.108876 
80.518384 55.592936 0.281289 -0.229934 
90.907973 41.228591 0.235806 -0.110455 
121.267954 16.046296 0.217320 0.160220 
90.054012 44.870308 0.392725 -0.066548 
31.185337 36.137625 0.254429 0.125826 
19.338747 30.433830 -0.279485 0.311552 
32.896696 24.557056 0.044038 0.028622 
87.415151 27.405299 0.108859 0.500139 
18.192979 12.813286 -0.159654 -0.141522 
55.870824 27.999361 -0.091204 -0.139258 
48.546787 47.070383 -0.214248 -0.012221 
89.524148 17.334232 0.107755 -0.067506 
13.093847 45.151290 -0.037181 0.002845 
24.220365 55.083631 -0.054749 -0.171980 
143.190089 19.444451 -0.248466 -0.156583 
130.651239 42.102132 0.341943 0.038838 
58.827141 45.385474 -0.069143 -0.198762 
121.667850 54.412756 0.037181 -0.385541 
70.702160 24.038730 0.196487 -0.132345 
31.830364 32.032635 0.345864 0.081708 
102.473221 36.244696 -0.019028 -0.000091 
11.386209 12.516422 -0.090956 -0.393271 
67.092922 46.109570 0.028459 -0.137484 
148.392669 15.586126 0.192895 0.274798 
67.616508 39.263436 0.309967 0.274622 
137.936786 29.780396 0.268777 -0.093349 
15.039541 26.217629 0.102713 0.509124 
72.253408 49.105484 -0.047374 0.020958 
10.431032 51.090962 -0.183314 0.016620 
18.334760 55.229009 -0.237034 -0.123734 
64.412946 26.379785 -0.423116 -0.039733 
90.750464 20.757426 0.200134 0.196315 
152.554258 43.178720 0.198699 0.015886 
22.241678 13.039886 0.367866 0.063497 
154.669913 47.677603 0.256064 -0.290794 
113.379695 36.637522 0.085818 -0.002607 
46.421321 12.986247 -0.067224 -0.070005 
98.946237 12.235353 -0.056535 0.260124 
73.524589 25.149298 0.097402 0.102327 
113.060284 30.144046 -0.184791 0.229077 
109.986989 49.433271 0.086608 0.123471 
117.798967 19.966104 -0.020252 -0.325141 
69.517689 49.748661 0.135323 -0.160796 
0.267812 30.952326 -0.056864 -0.203974 
97.242753 11.582435 0.148465 -0.326020 
47.120724 48.646120 -0.176986 0.115339 
70.745634 12.629979 -0.140106 0.188846 
131.299057 55.451328 -0.252935 -0.250101 
136.697465 28.386123 0.449505 0.068703 
76.306235 39.851177 0.193590 0.047881 
57.632605 54.713586 0.011143 0.071319 
32.716629 47.957610 -0.058781 -0.068548 
94.916318 54.437974 -0.162241 0.359049 
155.185305 38.022934 0.256513 -0.005807 
46.885131 54.554153 -0.096532 -0.014387 
145.410808 28.380329 0.191014 0.088836 
63.577185 36.623919 -0.327789 -0.234607 
5.595542 16.259930 0.101891 -0.022124 
121.949539 40.875170 -0.257281 -0.046189 
50.276131 25.534845 -0.241640 -0.263734 
82.687409 43.870057 -0.097354 -0.146219 
81.501581 51.862375 -0.088756 -0.124563 
121.904674 29.577443 -0.330302 0.053404 
96.528626 45.200860 -0.266684 0.000965 
39.651338 34.473704 0.100311 -0.166298 
139.199303 28.486493 -0.139867 -0.493477 
98.236843 20.617585 -0.028207 0.434599 
151.613562 48.469497 0.378686 0.297537 
134.641587 20.590711 -0.477712 -0.270213 
91.651989 34.272147 -0.147889 0.506524 
138.090919 35.753112 -0.035508 0.126597 
19.364119 51.717857 -0.329753 -0.228015 
152.371156 50.521722 0.045946 0.034812 
62.038455 43.223722 -0.115393 -0.316718 
18.826710 38.974540 0.111443 -0.192262 
20.784635 16.236198 -0.122138 0.188071 
79.484752 53.327224 -0.071293 -0.326189 
14.970760 23.518886 0.145962 0.381628 
158.746757 12.470694 -0.160350 -0.159596 
6.559167 34.059616 0.017425 -0.201536 
64.075091 52.467448 0.171463 -0.167018 
153.992353 40.521151 -0.156696 -0.390284 
131.998669 19.736774 0.215664 -0.015648 
19.905020 46.695480 -0.214029 0.129829 
161.122337 21.512860 -0.150628 0.049606 
54.300912 19.509100 0.102116 0.066423 
57.883285 22.790136 -0.129549 0.101276 
61.234751 17.076909 -0.104343 -0.196614 
156.232430 46.404356 0.408182 -0.159912 
15.095543 41.561329 0.054212 0.036114 
146.416064 33.559038 0.432687 -0.123598 
66.612458 51.477386 -0.055195 -0.155339 
70.498343 35.981537 0.150795 0.134928 
115.494613 24.091525 0.081644 0.374057 
3.030889 22.362606 0.009840 -0.072875 
141.575417 25.587816 0.337839 0.215372 
146.690104 23.888501 -0.220442 0.308864 
61.981558 19.771503 0.041827 0.156854 
25.761660 13.439595 0.214218 0.137837 
103.890945 50.103932 0.088416 0.018769 
157.908985 14.674908 0.151806 -0.169588 
28.581129 22.220465 -0.077816 0.523892 
100.016307 11.750874 -0.227315 -0.083632 
108.336867 25.275286 0.037726 -0.047899 
54.535316 23.785445 -0.246633 -0.312312 
51.144419 20.940970 -0.039071 0.026373 
127.566792 45.875687 -0.552217 -0.303711 
125.160037 46.953803 0.004028 0.133394 
4.307658 15.196169 -0.406172 0.062601 
119.937822 31.937550 -0.136921 0.190191 
95.660331 31.794180 0.462804 -0.188392 
61.558070 13.873326 -0.222446 0.012088 
81.935562 11.759571 -0.026284 0.213914 
165.747611 22.635514 -0.148715 0.560242 
30.825092 23.599528 0.691330 0.092718 
86.739710 32.845602 0.011363 -0.211139 
146.527612 46.949883 -0.415353 0.117111 
125.240313 11.385164 0.267433 0.056654 
19.877541 15.202639 -0.020125 0.456285 
74.434060 54.858340 0.145605 -0.104460 
16.442571 44.009797 0.139748 -0.083141 
114.264776 40.050312 -0.600906 0.079476 
70.921587 51.104140 -0.171362 0.054078 
113.824915 18.712459 0.130208 0.121021 
111.822367 51.675587 -0.454588 -0.109621 
134.554191 38.550748 -0.191976 0.239490 
139.508559 18.755947 0.083413 -0.223136 
9.942283 42.157518 0.043801 -0.156887 
148.587500 39.957812 0.253869 -0.197537 
86.113137 52.536659 -0.046765 0.354771 
0.438121 33.188102 0.125783 0.291504 
75.429738 34.507944 0.137085 0.010549 
145.328153 52.794278 -0.125268 0.179206 
29.615889 36.593513 -0.264276 0.294783 
55.702325 21.895236 -0.050149 0.007187 
17.790806 27.695302 0.012444 0.230292 
7.214844 30.618415 -0.326389 0.375743 
107.558716 26.493840 0.002469 0.032154 
104.281787 54.329925 0.104425 0.108371 
157.448451 37.072691 -0.031852 0.393772 
103.786020 38.485517 -0.127358 -0.012127 
5.142104 40.852973 0.506222 -0.078700 
114.438096 17.002955 0.001290 0.028390 
50.185623 54.593137 -0.114838 -0.293043 
66.022192 25.674267 -0.359803 -0.026154 
162.410381 22.393208 -0.161998 0.374260 
94.221315 16.699961 0.168319 0.503333 
161.384511 45.708812 0.124213 -0.135624 
164.358587 51.869931 0.303012 0.038644 
69.625605 42.945651 -0.149623 -0.078218 
25.078767 26.521860 0.175574 0.657277 
41.988274 37.037901 -0.167337 0.195955 
21.918117 44.138399 -0.380686 -0.336694 
153.021498 26.427107 -0.311945 0.029482 
154.151655 12.790121 0.174986 0.022786 
41.346279 35.121942 0.304806 0.196508 
127.845947 33.050084 0.303226 0.620217 
136.884711 25.672760 -0.293298 -0.179936 
84.278192 42.814127 0.005486 -0.230434 
56.661773 43.584298 -0.092540 0.030697 
133.967986 18.803129 -0.074126 0.364555 
94.668151 36.571750 -0.273310 -0.236732 
152.456041 16.024760 0.208365 0.027979 
32.412886 45.463251 0.158208 -0.482843 
37.150624 52.267025 -0.365975 0.093266 
22.592880 14.525661 0.019920 -0.136005 
9.968729 28.017390 0.207772 0.391415 
33.350209 37.377061 -0.074480 0.238858 
58.553651 53.292351 -0.228089 0.161812 
49.241005 50.882239 -0.448865 0.051846 
160.208607 32.192430 -0.073854 -0.138233 
126.999465 13.388242 -0.235225 0.329541 
120.407072 12.754269 0.117156 0.064066 
64.925198 20.317491 -0.084418 -0.006704 
86.890890 16.631014 -0.024547 -0.287952 
5.665636 47.247125 -0.010333 -0.114145 
70.447584 26.196159 0.234153 0.255358 
136.028360 55.706983 0.420169 0.086985 
39.456171 19.907144 -0.037149 -0.195522 
157.566545 24.254031 0.248315 0.449999 
15.867274 19.619978 0.033189 0.157727 
2.458957 26.762932 -0.781725 0.445843 
55.713485 39.241900 0.016369 -0.068839 
62.316576 37.462937 0.064883 -0.221305 
80.431575 45.226648 -0.029854 -0.318171 
72.646125 29.976525 0.306044 -0.271321 
39.801354 24.988479 0.170639 0.327120 
164.924078 13.372642 -0.059573 -0.115406 
33.570368 52.268895 0.146832 0.012706 
57.692097 21.793695 -0.289772 0.161929 
46.418777 31.761635 -0.003924 -0.049344 
